ILFFVZZUZNN,BURVZNNIUOUUI,20190628235959,002,000,IL
ZNZIPFLNZ,BNFVZNUFFNZLF,20190628172914,002,000,ION
IIFPNNFLRLP,BNFVZNPLIILNN,20190628172914,002,000,II
ZIIVIIOVO,BNFVZNVLZRFPR,20190628172914,002,000,ION
LLROIOFPPUNO,BNFVZNNIUOPOP,20190628172914,002,000,LL
VLLZVFURFUVO,BURVDUZNZUUZIZZUIRLV,20190628172914,002,000,VLL
LURIVIPRIFO,BNFVZNRIPPIPO,20190628172914,002,000,LU
IOZPRRIURVUU,BNFVZNNIUFVFF,20190628172914,002,000,IOZ
VNUNZIUVO,BNUUZNULLUFOZ,20190628172914,002,000,ION
ZNPNPIRIN,BURVDUZNZUUZIPVOPRPP,20190628172914,002,000,ION
ZNFVNUZPP,BNFVZVPUOIVNO,20190628172914,002,000,ION
ILFUZIFVLOF,BNFVZNNIUFNRN,20190628172914,002,000,IL
VNUINUVRO,BNUUZNFVONFON,20190628172914,002,000,ION
ILFLZLVLIPF,BNFVZFURNLLFV,20190628172914,002,000,IL
VNUUNFUUN,BNUUZNLLVNUVU,20190628172914,002,000,ION
VNUILLPUN,BNUUZNVUNNVIN,20190628172914,002,000,ION
VNOZRFRUZ,BNUUZNVZIFRIZ,20190628172914,002,000,ION
NZILPPPLZZO,BNFVZNNIUFPUL,20190628172914,002,000,NZIL
LIFFLNOIOILP,BNFVZNNIUPOUN,20190628172913,002,000,LI
ILPRFFFULFO,BNFVZNNIURIPR,20190628172913,002,000,IL
NLPUVUZOVZO,BNFVZNNIURFNO,20190628172913,002,000,NLPU
ILFUNIIIORL,BNFVZNNIUONPV,20190628172913,002,000,IL
ZFIUIVNNF,BNFVZNNIUZVPL,20190628172913,002,000,ION
ILZFPIUZNPR,BNFVZNFRPZZZV,20190628172913,002,000,IL
ZNINFRVUI,BNFVZNULFRZZF,20190628172913,002,000,ION
IULOUNFIO,BNUUZNPRVFUNZ,20190628172913,002,000,ION
ZNLFRUVVF,BNFVZNIOUFONZ,20190628172913,002,000,ION
VVOONVUUU,BNUUDUZNVLFVVZLIZVRU,20190628172913,002,000,ION
ZFOUIVLFF,BURVDUZNZUUZIPFFLLPV,20190628172912,002,000,ION
LLRRVRVZPNIR,BNFVZNZFUUPNI,20190628172912,002,000,LL
ZFLOIFRPV,BNFVZNLZVOLRU,20190628172912,002,000,ION
PUPVUURZV,BURVZNZLVRPLL,20190628172912,002,000,ION
NRURLRPVOIU,BNFVZNNIUPIZU,20190628172912,002,000,NRUR
ZFIINROZV,BURVZNFPFFUOV,20190628172912,002,000,ION
VNUIFZZNI,BNUUVPNUZPUUU,20190628172912,002,000,ION
ILRVVLUPUUR,BNFVZNNIUZLLI,20190628172912,002,000,IL
IUPPNUFFP,BNFVZNVPIONLR,20190628172912,002,000,ION
LLRZVPIZVROO,BURVZNROUUZNF,20190628172912,002,000,LL
VNNVUFZUV,BURVZNFLUFNNI,20190628172912,002,000,ION
ILNZVUOIZINV,BNFVZFLPLFVZI,20190628172912,002,000,IL
ZNOPLIFNR,BURVDUZNZUUZFFPOPFVR,20190628172912,002,000,ION
ZIFUFZNIP,BURVDUZNZUUZIOOIOVVP,20190628172911,002,000,ION
VNNLOUILV,BNUUDUZNVLOVNVRFNZII,20190628172911,002,000,ION
VNVFOOPZPLZU,BNFVZFUFNPRIZ,20190628172911,002,000,VNV
ILFFULVRPVV,BNFVZNNIUFFVO,20190628172911,002,000,IL
IZUZUZVPVOUU,BNFVZNNURRZNP,20190628172911,002,000,IZ
ZILILNZRL,BNUUZNFIZVNRZ,20190628172911,002,000,ION
LVURRFUFNROV,BNFVZNOUOUINL,20190628172911,002,000,LVU
LZNRFLOPNZUIR,BNFVZNNIULLII,20190628172911,002,000,LZ
ZIOVNUUZR,BNUUZNOVPUONU,20190628172911,002,000,ION
ZIOVNUUZR,BNUUZNLLNNPZU,20190628172911,002,000,ION
ZIOVNUUZR,BNUUZNLNFVLPL,20190628172911,002,000,ION
ZIOVNUUZR,BNUUZNVFVIZPI,20190628172911,002,000,ION
ZNFOFIPZL,BNFVZNOUFRNRI,20190628172911,002,000,ION
ZNZZNNPIZ,BURVZNOOPZZUU,20190628172911,002,000,ION
LLRLLOIFPPPL,BNFVZFURNLNOO,20190628172911,002,000,LL
LLRRLVZVPNVV,BNFVZFUFNPRVF,20190628172910,002,000,LL
LLRLFUNVOPOV,BURVDUZNZUUZVZNLOZVP,20190628172910,002,000,LL
IVLRIINPLZO,BURVZNNIUPOZL,20190628172910,002,000,IV
IIFONNPVPIP,BNFVZNNIUROPI,20190628172910,002,000,II
LZNFIFVNOUOZ,BURVZNULVNFIP,20190628172910,002,000,LZ
IOVFFNRRLRRL,BNFVZNNIUZLVR,20190628172910,002,000,IOV
NZUNFOVOFRR,BNFVZNNIURFUR,20190628172910,002,000,NZUN
VNUILNUZU,BNUUZNONORLLO,20190628172910,002,000,ION
ZIVIOUUFO,BNFVZNNFFLPUU,20190628172910,002,000,ION
VVNLOUVLO,BNFVZNPFUIRIV,20190628172910,002,000,ION
NRPFVVFOIVN,BNFVZNNIULUON,20190628172909,002,000,NRPF
OONNZZFINUZLI,BNFVZNNIUOVVL,20190628172909,002,000,OO
NFLRRNOZIZV,BNFVZNNIULNFN,20190628172909,002,000,NFLR
VFVZUOUUO,BNFVZNNIUZVRR,20190628172909,002,000,ION
ZNRIVULZO,BNFVZNRIIVUIN,20190628172909,002,000,ION
IZIPZOUFFUVV,BNFVZNRLOZLNI,20190628172909,002,000,IZ
ILZNUPPRNNF,BNFVZNLUURIII,20190628172909,002,000,IL
NINIZVUULLN,BNFVZNNIUFFOU,20190628172909,002,000,NINI
ZNRPOPOVN,BNFVZNPVPLNLL,20190628172909,002,000,ION
IZILZLFOVVVP,BNFVZNNIUPRNL,20190628172909,002,000,IZ
VINIUOURV,BNUUZNZNOVVZR,20190628172909,002,000,ION
ZNLIZNVUN,BNFVZVRIFUVUF,20190628172909,002,000,ION
VNUIIILPO,BNUUZNLROPRNZ,20190628172909,002,000,ION
VNUINNRVL,BNUUZNLUNFPIO,20190628172909,002,000,ION
VOFIPIRVV,BURVZNNIUROUR,20190628172908,002,000,ION
VNNLONOOI,BNFVZNIFFVULV,20190628172908,002,000,ION
LLRRFLNOLNFI,BNFVZNUPIIORP,20190628172908,002,000,LL
IIFIRNLVNPO,BURVZNRPOURUR,20190628172908,002,000,II
IOVFZNVZVUUZ,BURVZNRONFVIU,20190628172908,002,000,IOV
ZNNZIZILU,BNFVZNPNNUUPF,20190628172908,002,000,ION
VOVRUNUIV,BNUUZNPFIIFUI,20190628172908,002,000,ION
IULOUVLRP,BNUUZNOUFUROL,20190628172908,002,000,ION
ZNFRIZRVO,BURVDUZNZUUZFNPOPULP,20190628172908,002,000,ION
VNIVINLPF,BNUUZNPRZFZZP,20190628172908,002,000,ION
ZNIZUZIPZ,BURVDUZNZUUZIOZUOLII,20190628172908,002,000,ION
LZNRVOVRUUNO,BNFVZNFNZLRNF,20190628172907,002,000,LZ
IUPPUOLNF,BNFVZNIIPVNIO,20190628172907,002,000,ION
LLNVIOURNVNP,BNFVZFURNIPVV,20190628172907,002,000,LL
ZNLFUIIFF,BNFVZFPLNFZIR,20190628172907,002,000,ION
VNUIOVOPN,BNUUZNFVFZRVL,20190628172907,002,000,ION
IZILROPUPNPL,BNFVZNNIURLZR,20190628172907,002,000,IZ
IIFLFVFLVLO,BNFVZNNIUONOF,20190628172907,002,000,II
ZFOUOFFPP,BNFVZNZRVNPFN,20190628172907,002,000,ION
VRVVUNVUV,BNUUZNVLIUVIZ,20190628172907,002,000,ION
LLNFNIZLNVIP,BNFVZNFZOPIVZ,20190628172906,002,000,LL
LLROINIROORL,BNFVZNNIUFINP,20190628172906,002,000,LL
ZIOPOLNVV,BNFVZNRZNZPVZ,20190628172906,002,000,ION
VNNLONLZZ,BNFVZNLNINLZO,20190628172906,002,000,ION
IIFVRIZFRPV,BNFVZNNIUZLFV,20190628172906,002,000,II
IOVFZNZRRFOU,BURVZNRFRZIUF,20190628172906,002,000,IOV
VNUIVILPI,BNUUZNIVPZZRZ,20190628172906,002,000,ION
ZIUFNOIUU,BNFVZNNFFLPUU,20190628172906,002,000,ION
ZNZZOLOLI,BNFVZNRZRNNNV,20190628172906,002,000,ION
VNIOFOIUU,BNUUDUZNVLFVNLLFOPIL,20190628172906,002,000,ION
ZFRVNNLLR,BNFVZNRFLRILI,20190628172905,002,000,ION
ZNLRFOPUN,BNFVZNNONFFLF,20190628172905,002,000,ION
VOIONOVUO,BURVDUZNVLFVOIOFIIOI,20190628172905,002,000,ION
ILFIOIZVIVN,BNFVZNVFFFVLI,20190628172905,002,000,IL
LLRZNRVIFIPF,BNFVZFURNIFRO,20190628172905,002,000,LL
IUPPNVIIN,BNFVZNZLLOLFP,20190628172905,002,000,ION
VNUIFZZUV,BNUUZNZLRIIFU,20190628172905,002,000,ION
ZNPZUIFVF,BNFVZNZLURZRV,20190628172905,002,000,ION
ZIVLUNZUL,BNUUDUZNZUUZILFRFFNU,20190628172905,002,000,ION
ZNZLLROIV,BNFVZNNFFLPUU,20190628172905,002,000,ION
IVLRLIONNIF,BURVZNNIUFZUF,20190628172905,002,000,IV
ZFPFPOIOF,BNFVZNNUNPONI,20190628172905,002,000,ION
ZNPLVNIVR,BNFVZNNFFLPUU,20190628172905,002,000,ION
ZNIOZUULI,BNFVZNLUVZPVF,20190628172904,002,000,ION
ZFLUIZOLZ,BNFVZVLNUNFPI,20190628172904,002,000,ION
ZNRLFLFPR,BNFVZFRUIORZF,20190628172904,002,000,ION
ZNRFUFUNL,BNFVZNUNPRUFI,20190628172904,002,000,ION
ZNOUNZUUU,BNFVZNRUPZZNN,20190628172904,002,000,ION
ZIINLNNZP,BNUUZNLRIPIRV,20190628172904,002,000,ION
ZIINLNNZP,BNUUZNLORUZVV,20190628172904,002,000,ION
ZIINLNNZP,BNUUZNLNOOURP,20190628172904,002,000,ION
ILFNONVLFIU,BNFVZNNIUOFII,20190628172904,002,000,IL
LZNRIZZNLOLV,BNFVZNNZOVOZN,20190628172904,002,000,LZ
IZIONNILVUZO,BNFVZNLVOLOLZ,20190628172904,002,000,IZ
IOVFFNRIIVPN,BNFVZNLUVLFLN,20190628172904,002,000,IOV
ZIOVNUUZR,BNUUZNONZVULL,20190628172904,002,000,ION
ZIOVNUUZR,BNUUZNRONLRPU,20190628172904,002,000,ION
LNRFILPFRLN,BURVZNNIURPRR,20190628172904,002,000,LN
ZNNZPIROV,BNFVZNORLRNPZ,20190628172904,002,000,ION
VOVRUNUIV,BNUUZNLLFRPIV,20190628172904,002,000,ION
LLRZFFLFZVLN,BNFVZNNIUPPFO,20190628172903,002,000,LL
IIRPVNFUNIP,BNFVZNPORRNVN,20190628172903,002,000,II
IOVFVNILIURU,BNFVZNRZURVOO,20190628172903,002,000,IOV
VLLZVZVNLPVZ,BNFVZNNZIIUUN,20190628172903,002,000,VLL
IOVFZNNVPIFO,BNFVZNPNIIZII,20190628172903,002,000,IOV
ZNZRUZFRU,BNFVZNIPIILPO,20190628172903,002,000,ION
IVLRFUOZPVF,BURVZNNIUZUZP,20190628172903,002,000,IV
LZNORRRPZNOVR,BURVDUZNZUUZIVNUIZUV,20190628172903,002,000,LZ
VNNNLIZVO,BNFVZNVURUZVO,20190628172903,002,000,ION
VNNVNNRZO,BURVDUZNZUUZFFUOLVLI,20190628172902,002,000,ION
IIFNOUPRFVP,BNFVZNONUUNLV,20190628172902,002,000,II
LLRZNZOPFRUI,BNFVZNNIULVII,20190628172902,002,000,LL
ZNONZUZNU,BNFVZNNFFLPUU,20190628172902,002,000,ION
IUVFVIUFNLLO,BNFVZNRIPPIPO,20190628172902,002,000,IU
VNULILLRZ,BNUUDUZNZUUZFZUONUIL,20190628172902,002,000,ION
VOVRUNUIV,BNUUZNIRNPNOR,20190628172902,002,000,ION
ILZRLOFUPFI,BURVZNNIUONFO,20190628172902,002,000,IL
ZFINVNNZZ,BNFVFUZNZFLLRFP,20190628172902,002,000,ION
ZNPLVNIVR,BNFVZNVUVVRVI,20190628172902,002,000,ION
VNNVNNRZO,BURVZNIVUUONU,20190628172901,002,000,ION
ILFZZVIULNP,BNFVZNNIUZOLO,20190628172901,002,000,IL
IOIPRVVRZZVV,BNFVZNNIURZLN,20190628172901,002,000,IOI
ILFRIFORLVV,BNFVZNNIUPVUO,20190628172901,002,000,IL
VLLPRUOFU,BNFVZNIZIRFFF,20190628172901,002,000,ION
ZNNUPNIFN,BNFVZNPLFFULL,20190628172901,002,000,ION
OOZNZPPRRPPON,BNFVZNNIUPOUI,20190628172901,002,000,OO
ZNNONFVVI,BNFVZNIRVRNOV,20190628172901,002,000,ION
ZNOLZFFNP,BURVDUZNZUUZIVVLRNVU,20190628172901,002,000,ION
IOVFVNFPUIVI,BNFVZNNIUOLLO,20190628172901,002,000,IOV
ZNFRLOFRR,BNFVZNFLFLPOZ,20190628172901,002,000,ION
ZNRNFZLIF,BNFVZNZLNFOIP,20190628172901,002,000,ION
IIFRUFRNFUL,BNFVZNNIUFVFO,20190628172900,002,000,II
LZNRIRUURNZR,BNFVZNNIUPIIN,20190628172900,002,000,LZ
IOZPPVFINLOR,BNFVZNNIUROZP,20190628172900,002,000,IOZ
ZNUIZILUP,BNFVZNUVRILPI,20190628172900,002,000,ION
VNUIUZIZL,BNUUZNOZVNFOR,20190628172900,002,000,ION
ZNZLLROIV,BNFVZNRNILPFO,20190628172900,002,000,ION
VNNVVLPUU,BNUUZNLFVVPPU,20190628172900,002,000,ION
ZNLVLFURN,BNFVZFUZRURLRL,20190628172900,002,000,ION
ZNPFUUZUL,BNFVZNIVOIOLN,20190628172900,002,000,ION
LNRZOZLLRLP,BURVZNZPOPRPV,20190628172859,002,000,LN
IZIPPFLULRIL,BNFVZNVNZZVFP,20190628172859,002,000,IZ
LNRPPZRPURR,BURVZNNIUOZVO,20190628172859,002,000,LN
ZNPNVPIPF,BNFVZNIRIVZNZ,20190628172859,002,000,ION
ZNIVPFLPI,BNFVZNNFFLPUU,20190628172859,002,000,ION
ZNFNIFNFN,BNFVZNZLFLIPO,20190628172859,002,000,ION
IIFPFFOIZZR,BNFVZNUFLFZPI,20190628172859,002,000,II
ZNVVPRPLI,BNFVZFROIFPVI,20190628172859,002,000,ION
LIFFLVLLIZRV,BNFVZNNIUPOPZ,20190628172859,002,000,LI
ZNIRVPNLF,BNFVZNNOVLRPU,20190628172859,002,000,ION
ZNFVLOVNR,BNFVZNRIPPIPO,20190628172859,002,000,ION
IIIPUVLONIL,BNFVZNFFLVPRO,20190628172859,002,000,II
VOVRUNUIV,BNUUZNIZIRLUN,20190628172859,002,000,ION
ZNRZFOIIF,BNFVZNNFFLPUU,20190628172858,002,000,ION
ZNFLZFUFU,BNFVZFZIRVVRN,20190628172858,002,000,ION
ZNUNRULOL,BNFVZNFFVINRI,20190628172858,002,000,ION
IOVVFVIVUIZ,BNFVZNNFFLPUU,20190628172858,002,000,IOV
LLNZNLIVLZNV,BURVDUZNZUUZFNIIIUUV,20190628172858,002,000,LL
NVUFLVZZNRF,BNFVZNNPUIUZO,20190628172858,002,000,NVUF
IIZRUPUPPNF,BURVZNNNLLZIN,20190628172858,002,000,II
VOVRUNUZV,BNUUDUZNZUUZVFZLUNON,20190628172858,002,000,ION
ZILILNZRL,BNUUZNLLOVPIR,20190628172858,002,000,ION
VNINRILRR,BNUUZNONULLVV,20190628172858,002,000,ION
IUUIUNFNI,BNUUZNNNVOUZO,20190628172858,002,000,ION
LLROORRILOPU,BNFVZFUZNZOPU,20190628172858,002,000,LL
VNINVIVUU,BURVDUZNZUUZFOOVZRVI,20190628172858,002,000,ION
ZIINLNNZP,BNFVZNNFFLPUU,20190628172858,002,000,ION
ZFOIZZLRO,BURVDUZNZUUFUZFVUFVLUU,20190628172858,002,000,ION
LPONPIOPRRV,BURVZNVZRIIRU,20190628172857,002,000,LP
VNNLOLUUU,BNUUDUZNZUUZFPVIOUUP,20190628172857,002,000,ION
ZNFRZPNNR,BNFVZNFRLFOPZ,20190628172857,002,000,ION
ZNVOVVIUU,BURVDUZNZUUZIVUIUUUZ,20190628172857,002,000,ION
ZFULROFIZ,BNFVZVRLIFFII,20190628172857,002,000,ION
IIFRUOOIZII,BNFVZNZRIIPPU,20190628172857,002,000,II
ILFOLOUIFON,BNFVZNNIUZLII,20190628172857,002,000,IL
LLRPFRIOFPFL,BNFVZNNIUPNNN,20190628172857,002,000,LL
ZILLIRILI,BURVZNFIFPNOF,20190628172857,002,000,ION
VVFURONUI,BNUUZNPNLOZLF,20190628172857,002,000,ION
ZIOVNUUZR,BNUUZNOFFNZVL,20190628172857,002,000,ION
ZIOVNUUZR,BNUUZNLFVLFOR,20190628172857,002,000,ION
ZIOVNUUZR,BNUUZNONRLOFL,20190628172857,002,000,ION
ZIOVNUUZR,BNUUZNVURLUNL,20190628172857,002,000,ION
ZIOVNUUZR,BNUUZNVNNRLUF,20190628172857,002,000,ION
ZIOVNUUZR,BNUUZNIRRPFVP,20190628172857,002,000,ION
ZIOVNUUZR,BNUUZVUNOLZFI,20190628172857,002,000,ION
ZIOVNUUZR,BNUUDUZNZUUZFRUUOUUU,20190628172857,002,000,ION
ZIOVNUUZR,BNUUZNROOPIIO,20190628172857,002,000,ION
VNUIOVOPN,BNUUZNZVIPROR,20190628172857,002,000,ION
VNUILNUZU,BNUUVLZNLRLIO,20190628172857,002,000,ION
IIRPOVNVRZN,BNFVZNNNVVNLF,20190628172857,002,000,II
VNUPOILUZ,BNUUVNNZOPLIV,20190628172857,002,000,ION
NPFUIIPRIIF,BNFVZNNIUPLOI,20190628172856,002,000,NPFU
IIFIRONINIF,BNFVZNVUZIVPP,20190628172856,002,000,II
ILFLZPRVPIU,BNFVZNFUNVOFL,20190628172856,002,000,IL
INFLVPFVFRP,BNFVZNNIURNFV,20190628172856,002,000,IN
LLRPNPPIPLPU,BNFVZNNIULRPI,20190628172856,002,000,LL
VNUUNFUUN,BNUUZNLORRZUO,20190628172856,002,000,ION
IRVRNVVNRZ,BURVZNIOPUUPF,20190628172856,002,000,IRV
VNUPOUUZZ,BNUUZNPIRLUFN,20190628172856,002,000,ION
ZNLIUZVZU,BURVZNFUVFVUF,20190628172856,002,000,ION
ZNOLIUNFR,BNFVZNRUINFPR,20190628172856,002,000,ION
ZIPIOPOZF,BURVVVUZFIPPP,20190628172856,002,000,ION
ZVUNFVRZU,BURVZVULPINOL,20190628172856,002,000,ION
ZNZILVONL,BNFVZNVFPIPPV,20190628172856,002,000,ION
NFNRLIPLPOO,BNFVZNNIURIOZ,20190628172856,002,000,NFNR
IIFUPROPNNZ,BNFVZNUURZFOR,20190628172855,002,000,II
ZFFZNLNLR,BNFVZNNIUFIVR,20190628172855,002,000,ION
LLRLPVUFLPLF,BNFVZNIRIRUPV,20190628172855,002,000,LL
LLRZPUOORPNP,BNFVZNNIUZFFF,20190628172855,002,000,LL
ZNRLVZVOI,BURVZNPIFVNRI,20190628172855,002,000,ION
LZNRPLOORZPN,BNFVZNNULLRLI,20190628172855,002,000,LZ
IUVLVNUOOLON,BURVZNFZZUZIU,20190628172855,002,000,IU
LLRZRRLIVOPF,BNFVZFUPIRRUF,20190628172855,002,000,LL
IOIPOPPVRFUV,BNFVZNNIULUFP,20190628172855,002,000,IOI
VNUPNOZOZ,BNUUVNOPOOVFO,20190628172855,002,000,ION
IIFRIZIUFVR,BURVDUZNZUUZFFVZOPOZ,20190628172855,002,000,II
INFVIINZORV,BNFVZNNIUPFON,20190628172854,002,000,IN
LLNVIOURVIVL,BNFVZNNIUOVZN,20190628172854,002,000,LL
IIFVNVFVZOP,BNFVZNNIUOPZZ,20190628172854,002,000,II
IIRFUOVLRPR,BURVDUZNZUUZFFVIURZP,20190628172854,002,000,II
ZNZZVUROO,BNFVZNOIFOVOR,20190628172854,002,000,ION
ZNFVUVLOU,BNFVZNNIURLPU,20190628172854,002,000,ION
IIFFPFVZZFN,BNFVZNIZZNPIO,20190628172854,002,000,II
ZILILNZRL,BNUUZNZZLIVVU,20190628172854,002,000,ION
VOVRUNUZV,BNUUZNFULILUP,20190628172854,002,000,ION
ZFZVVINFP,BNFVZNNIUPUNL,20190628172854,002,000,ION
IRLZNFULRUR,BNFVZNRNFFNNR,20190628172854,002,000,IRL
ZNVUVVRVI,BNFVZNPLVNIVR,20190628172854,002,000,ION
IIFIIPOUNOV,BNFVZNORPLFFP,20190628172854,002,000,II
IUVFNUIIUFOI,BNFVZNRIPPIPO,20190628172853,002,000,IU
IIFUIRPRPIP,BNFVZNNIUZNLL,20190628172853,002,000,II
VLLZIOOOOOUU,BNFVZNNIUPUVL,20190628172853,002,000,VLL
LLNZVOIVUZZP,BNFVZNNIUZPOL,20190628172853,002,000,LL
IIFLLPNNFLN,BNFVZNNIUOFUO,20190628172853,002,000,II
ILFVUZUOUFP,BNFVZNNIUPNIR,20190628172853,002,000,IL
LFNUNUUIZIF,BNFVZNULPIRPP,20190628172853,002,000,LF
VVUNVZVOO,BURVDUZNVLOVOIPIUURL,20190628172853,002,000,ION
ZIFLVUOZN,BNFVZNLNVZLZF,20190628172853,002,000,ION
INFIUILZLZL,BNFVZNIZFFZVO,20190628172853,002,000,IN
ZVUURFRVI,BURVDUZNZUUZFZNUFIOV,20190628172853,002,000,ION
LLRZFFLFZVLN,BNFVZNNIUPRIN,20190628172853,002,000,LL
ZNUPOOIZN,BNFVZNIRVVRRU,20190628172853,002,000,ION
VPVUPRVUZ,BNUUDUZNZUUZINZIRPLO,20190628172853,002,000,ION
LIFRFLVOFRNR,BNFVZNNIULFUL,20190628172853,002,000,LI
VNUIFZZUV,BNUUZNZFIFOFN,20190628172853,002,000,ION
IOVFZNNNPPPV,BURVZNVVRFONI,20190628172852,002,000,IOV
ZNRPZVPVN,BNFVZNFILIRZP,20190628172852,002,000,ION
LURLZOVFRPR,BNFVZVUVRLPOI,20190628172852,002,000,LU
VILZLIFUF,BNUUZNZNFVZPP,20190628172852,002,000,ION
LLRRIIRUPUUU,BNFVZVUNROVLN,20190628172852,002,000,LL
ILFLVRNPFVN,BURVZNIZOPIOP,20190628172852,002,000,IL
IIFPFFOIZZR,BNFVZNUFLFZPI,20190628172852,002,000,II
ZNRZLLNPN,BNFVZNRPFNRLZ,20190628172852,002,000,ION
NRNPVPPLPIU,BNFVZNUILOFIZ,20190628172852,002,000,NRNP
IOFZZRPUVUI,BURVZNNIUZNUP,20190628172852,002,000,IOF
ZNRNFZZVU,BNFVZNLPZFPUV,20190628172852,002,000,ION
IIRRRVVPRVF,BNFVZNNIUFUOO,20190628172851,002,000,II
VNNVUFZUP,BURVZNLRUULUN,20190628172851,002,000,ION
ZFRLRPLPV,BURVZNUZNIOIU,20190628172851,002,000,ION
ILFFFPFUOIZ,BNFVZNNIULVZP,20190628172851,002,000,IL
ILFLZIRRLLU,BNFVZNNIULPOU,20190628172851,002,000,IL
ZNINZUOLV,BNFVZNORFILFI,20190628172851,002,000,ION
ZNVLVVNNR,BNFVZNOPIFZPI,20190628172851,002,000,ION
VNIZIIUZU,BNUUZNRPLIFUI,20190628172851,002,000,ION
ZNRRORVUU,BNFVZNIOLNNPV,20190628172851,002,000,ION
VNNNVZLUU,BNUUZNZUZFNPV,20190628172851,002,000,ION
ZIZZZLRNU,BURVDUZNZUUZIZLOLFLI,20190628172851,002,000,ION
IUVFNUIIUFOI,BNFVZNRIPPIPO,20190628172851,002,000,IU
ZFUNOUOVI,BURVDUZNZUUZIZZUVRFR,20190628172850,002,000,ION
VLLPPUNNU,BNUUZNFIIFPUZ,20190628172850,002,000,ION
IVLRIINPLZO,BURVZNNIUZRNZ,20190628172850,002,000,IV
LLNFNLONLPON,BNFVZNZVFOVIV,20190628172850,002,000,LL
VNNLONUPR,BURVZNLVFOVIN,20190628172850,002,000,ION
VNUIULPIU,BNUUZNURURLIO,20190628172850,002,000,ION
ZILILNZRL,BNUUZNOZIUPZL,20190628172850,002,000,ION
ILFFVZZNZLN,BNFVZNNIUZRPP,20190628172850,002,000,IL
ZNFOIOLPF,BNFVZNFZVNPIL,20190628172850,002,000,ION
ZNRLLRIOI,BNFVZNLULPVLV,20190628172850,002,000,ION
VNUIUOUNF,BNUUZNUFUOUFI,20190628172850,002,000,ION
ZILZLUFZL,BNFVZNFIULOIF,20190628172850,002,000,ION
ZNFVRRIFF,BNFVZNNIULPUF,20190628172850,002,000,ION
ZNVNVOOUP,BNFVZNFVVLZFF,20190628172850,002,000,ION
ZNUVLUFLO,BURVDUZNZUUZIFORRUFZ,20190628172849,002,000,ION
ILFRPPPZZLZ,BNFVZNNIURPIV,20190628172849,002,000,IL
LZNOVVPOUZUZI,BNFVZNIRPONUU,20190628172849,002,000,LZ
ZNFVUFPUR,BNFVZNUUNFRIZ,20190628172849,002,000,ION
ZINNVVOLN,BNFVZNZFFOIOL,20190628172849,002,000,ION
VOVRUNUZV,BNUUZNRVIZOLL,20190628172849,002,000,ION
LLRLFUNVOPOV,BURVDUZNZUUZVZNLOZVP,20190628172849,002,000,LL
ZIONROIII,BURVZNOUUZZVF,20190628172848,002,000,ION
RUROUVFNF,BURVDUZNZUUZFLVOILUV,20190628172848,002,000,ION
ILZNFFIVOUU,BNFVZNZZZNRII,20190628172848,002,000,IL
ZNORPLFFP,BNFVZNVUOIZUP,20190628172848,002,000,ION
ZNFZFRNIN,BURVZNNIULFIL,20190628172848,002,000,ION
ZNIOFVNNU,BURVZNFPNVVFL,20190628172848,002,000,ION
IIRPIIROFVF,BNFVZNNIURRUZ,20190628172848,002,000,II
ZFVOUORIV,BNFVZFFLRRFVZ,20190628172848,002,000,ION
OOOLZZFZFPVLF,BNFVZNNIUPONO,20190628172848,002,000,OO
ZNORNPUUR,BNFVFUZNRVVIUIV,20190628172848,002,000,ION
VOVRUNUIV,BNUUZNILUORUP,20190628172848,002,000,ION
VNUILLPUN,BNUUZNUNPFVVP,20190628172848,002,000,ION
VNUUNFUUN,BNUUZNZURLZRV,20190628172848,002,000,ION
VNUNZVPVL,BNUUDUZNVLOVNLUPUPPR,20190628172848,002,000,ION
VOFPZZVUU,BNFVZNVVIROZF,20190628172847,002,000,ION
ZVFZORNRN,BURVZNFINIPPU,20190628172847,002,000,ION
ZNLOPIUFR,BNFVZNNIURZLL,20190628172847,002,000,ION
IIFLOUORUFN,BNFVZNVVLIVVI,20190628172847,002,000,II
OONNLVNUZUOF,BNFVZNNIUPNUR,20190628172847,002,000,OO
LZNFVRIUIVOR,BNFVZNIFRUVIP,20190628172847,002,000,LZ
VRNRLRLUU,BNUUDUZNVLFVIVINZNUU,20190628172847,002,000,ION
LLRRZNONVINI,BNFVZFURNZVIL,20190628172847,002,000,LL
LLRPZUOPUFLR,BNFVZNNIUFFPL,20190628172847,002,000,LL
ZIIPIZFIU,BNFVZVUIPZVIZ,20190628172847,002,000,ION
ZNIRRFOIP,BNFVZFRUOPLVZ,20190628172847,002,000,ION
VOVRUNUZV,BNUUZNZNONUIU,20190628172847,002,000,ION
IINILPUUPVL,BNFVZNZPULPULOLZ,20190628172847,002,000,II
ZIRRNNPNI,BNFVZNRVRNUPL,20190628172847,002,000,ION
ZNINIFFNO,BNFVZNPVUNROP,20190628172846,002,000,ION
IZILFPULOUPR,BNFVZNNIUZZZV,20190628172846,002,000,IZ
ILFFIZFLVLF,BNFVZNNIULPUN,20190628172846,002,000,IL
ILFLVILLIII,BURVZNLLUVZZP,20190628172846,002,000,IL
VNIVINLZF,BNUUZNZPNNIUU,20190628172846,002,000,ION
IIFIPLLRLZP,BNFVZNRVOIRIN,20190628172846,002,000,II
LLRZLFLRNFZR,BNFVZNNIUFRPN,20190628172846,002,000,LL
ZNLIUFIZO,BURVZNVULLVLV,20190628172846,002,000,ION
ILFLRIUNINU,BNFVZNNIUPNRN,20190628172846,002,000,IL
INFOONLLLFP,BNFVZFLIVRNRZ,20190628172846,002,000,IN
IVLFFVLFIFL,BURVZNUNFOUFR,20190628172846,002,000,IV
IZIINLULNZPF,BURVDUZNZUUZIRUPLONO,20190628172845,002,000,IZ
ZVVVULNIU,BURVZNRROOZRI,20190628172845,002,000,ION
IZURZVUNVUZI,BURVZNNIUOFIF,20190628172845,002,000,IZ
IIROPUZOFLO,BNFVZFNNOFLUU,20190628172845,002,000,II
INRNOFOFVUO,BNFVZNUNLORPL,20190628172845,002,000,IN
LLNRUZIORILO,BNFVZNNIUZORN,20190628172845,002,000,LL
ZNPLRNFOP,BNFVZNZZNNUVV,20190628172845,002,000,ION
LOVVZZIFUU,BNFVZNNIUZPLP,20190628172845,002,000,LO
ZILFLIRPF,BNFVZNLNNNINL,20190628172845,002,000,ION
INFLFLPVNOV,BNFVZNVNZZVFP,20190628172845,002,000,IN
ZVUNLPVNF,BNFVZNNIUFIUZ,20190628172845,002,000,ION
ZNNNZFOFF,BURVZNNIUPLLR,20190628172845,002,000,ION
ZIPPPPPPZ,BNFVZNNFFLPUU,20190628172845,002,000,ION
LLRRVZVRNOUR,BNFVZNFPUFZPI,20190628172844,002,000,LL
INFPIVIFFOU,BNFVZFIOPZOPU,20190628172844,002,000,IN
ZFUNOUOLZ,BURVDUZNZUUZFLVOILUV,20190628172844,002,000,ION
IIRPNUUFILV,BNFVZNNIULVNL,20190628172844,002,000,II
VOVRUNUIV,BNUUZNORVIVPO,20190628172844,002,000,ION
ZNVNUVRNO,BNFVZNILUUFFU,20190628172844,002,000,ION
ZNLFVZPNR,BURVDUZNZUUZFVVOURNN,20190628172844,002,000,ION
ZRVOOZZULRVN,BNFVZNNIUFVFN,20190628172844,002,000,ZRV
ZIIUVNPRP,BNFVZNLOFOOON,20190628172843,002,000,ION
IIRRNPVIVZL,BNFVZNUVFVVPV,20190628172843,002,000,II
IZIVZNIVIOIN,BNFVZNNIUFPZF,20190628172843,002,000,IZ
IUPPURPVP,BNFVZNOROOULU,20190628172843,002,000,ION
ZNVNNIORU,BURVZNIPLVOVI,20190628172843,002,000,ION
NIUNOIPROLR,BNFVZNNIULZVP,20190628172843,002,000,NIUN
VOVRUNUIV,BNUUDUZNZUUZFVVIFPIF,20190628172843,002,000,ION
LLRRZOVILIII,BNFVZNNIUFZII,20190628172843,002,000,LL
ZNIIILLNO,BNFVZNRUIPIZL,20190628172843,002,000,ION
LLRZFFLFZVLN,BNFVZNNIUZUOP,20190628172843,002,000,LL
ILFFIVNURPU,BNFVZFNIIFZUV,20190628172843,002,000,IL
VOOPFPIVN,BNFVZNVNPNUNP,20190628172843,002,000,ION
ZNFNUVRPV,BNFVZFOPLPULI,20190628172842,002,000,ION
INFLVNNIVIU,BNFVZNNIUONNO,20190628172842,002,000,IN
ZNVNINFFI,BNFVZNZZOFRFN,20190628172842,002,000,ION
LLNFNLONLPON,BNFVZNPLPZUFZ,20190628172842,002,000,LL
ZIOVNUUZR,BNUUZNFRFRZFV,20190628172842,002,000,ION
ZIOVNUUZR,BNUUZNRROPVOO,20190628172842,002,000,ION
VOVRUNUFU,BNUUZNOOVOFOL,20190628172842,002,000,ION
ZIOVNUUZR,BNUUZNIINVPLN,20190628172842,002,000,ION
ZNFVILLRR,BNFVZNFIUVOZV,20190628172842,002,000,ION
NLRPVVURINO,BNFVZNONVZVOU,20190628172842,002,000,NLRP
ILZIVFLLNII,BNFVZNNIUPUZI,20190628172842,002,000,IL
ZNUUPVVUL,BNFVZVRZZLZII,20190628172842,002,000,ION
ZNVPZROII,BNFVZNRUUZNIL,20190628172842,002,000,ION
ZNPRRZFFL,BNFVZNPRRZFFV,20190628172842,002,000,ION
VVFURONUI,BNUUDUZNZUUZFVUNLNFP,20190628172842,002,000,ION
ZNIIOFZRP,BNFVZNRUFUOOI,20190628172841,002,000,ION
ZNFFOZNNL,BNFVZNLOVIRZO,20190628172841,002,000,ION
IILZNVVNFRU,BNFVZNNIUFOIP,20190628172841,002,000,II
NRIVROLVPOV,BNFVZNNIULVPO,20190628172841,002,000,NRIV
ILFUUVUVVUI,BNFVZNNIUZOZR,20190628172841,002,000,IL
ZFRUZFOUV,BNFVZNNIUFPNI,20190628172841,002,000,ION
LZNOVOLZOUROI,BNFVZNNIULZVN,20190628172841,002,000,LZ
ZNZNFLFZF,BNFVZNUIZFNIN,20190628172841,002,000,ION
NPFUZRLZZNP,BNFVZNNIUFIPL,20190628172841,002,000,NPFU
IOIPRNNRFLFL,BNFVZNNIULLOU,20190628172841,002,000,IOI
ILFFIUURFPO,BURVZNUROFRNO,20190628172841,002,000,IL
VNRPUOUUU,BNUUZNORVPFVV,20190628172841,002,000,ION
LZNONLLZUOLPI,BNFVZNUUZURUR,20190628172841,002,000,LZ
ZNUUNLZVO,BNFVZFFFPRUPN,20190628172841,002,000,ION
NLNFRVIVLIN,BNFVZFUZNRZVP,20190628172841,002,000,NLNF
ILFFVZZUZNN,BURVZNNIUOINV,20190628172841,002,000,IL
ILFLOIIFOVO,BNFVZFURIIZPI,20190628172840,002,000,IL
ZNURZZPUU,BURVZNNPUZFOI,20190628172840,002,000,ION
ZNLNNOZRZ,BURVDUZNZUUZIOZRLNVU,20190628172840,002,000,ION
ILFLLLZIPPO,BNFVZNNIULVLI,20190628172840,002,000,IL
ZNFPLUVOI,BNFVZNNFFLPUU,20190628172840,002,000,ION
ZNVRRURNP,BNFVZNLZPOFIL,20190628172840,002,000,ION
IOZPPFUFUUNN,BNFVZNNIUFFFP,20190628172840,002,000,IOZ
ILFOLPOOIPV,BURVZNLVNVRZR,20190628172840,002,000,IL
IOVFFNPINLUR,BURVZNNIUORON,20190628172840,002,000,IOV
ZNOINOORL,BNFVZNNFFLPUU,20190628172839,002,000,ION
NFLRRNOZIZV,BURVZNNIURPLR,20190628172839,002,000,NFLR
ZNPOZPVRR,BNFVZNFLVUVVO,20190628172839,002,000,ION
NNLUPOFPNNFN,BNFVZNNIUFRVZ,20190628172839,002,000,UNKNOWN
NFUOIUZOFZO,BNFVZNNIUZFOL,20190628172839,002,000,NFUO
ZIFZOPUIV,BNFVZNIPPNOUI,20190628172839,002,000,ION
IULOUVLRU,BNUUZNOUFUROL,20190628172839,002,000,ION
VNNLOURNL,BNUUDUZNZUUZFLVOILUR,20190628172839,002,000,ION
ILFUNIIIORL,BNFVZNNIUOOIN,20190628172839,002,000,IL
ZNIVUFUPI,BNFVZNONIOVPO,20190628172839,002,000,ION
IOZPPRFVRIFR,BNFVZNNIUFLZF,20190628172839,002,000,IOZ
VOVRUNUZV,BNUUZNIZRZNLL,20190628172839,002,000,ION
VNUPFNNNO,BNUUDUZNVLFVVLUROUZP,20190628172839,002,000,ION
LFRIFOFLLZP,BNFVZNFIVNVNL,20190628172839,002,000,LF
ZIFPOLPOL,BURVZNUZVUZOL,20190628172838,002,000,ION
ZNOOOFPFZ,BURVZNNOOUULO,20190628172838,002,000,ION
VILZUFNNFIIIP,BURVZVUVUZIRR,20190628172838,002,000,VIL
ZVOLPVLVL,BURVZNNFFLPUU,20190628172838,002,000,ION
ZFZOPFOZO,BNFVZFUZRRVIZV,20190628172838,002,000,ION
ILFLROVOIZZ,BNFVZNUFPUOOO,20190628172838,002,000,IL
VNNLOUNZI,BNUUVNNZLRPFN,20190628172838,002,000,ION
VNUNZIUVO,BNUUDUZNVLOVNZPILRIO,20190628172838,002,000,ION
ZIZNINFZP,BURVZNUFFFFVR,20190628172838,002,000,ION
VNUIULPIU,BNUUDUZNZUUZFPPPOLIL,20190628172838,002,000,ION
INLOOVOIRVU,BNFVZNNIURZPF,20190628172838,002,000,IN
ZIINLNNZP,BNUUZNVNOFZIR,20190628172838,002,000,ION
IZIPZZNRURVR,BNFVZNFRORPZF,20190628172838,002,000,IZ
ZNUIZPIFN,BNFVZNNIURNIN,20190628172837,002,000,ION
ZFLRLZLIP,BNFVZNIZLRVUR,20190628172837,002,000,ION
ZNZLLVPZI,BNFVFUZNLLLUZFL,20190628172837,002,000,ION
ZNLNOLLFL,BNFVZFNPUROLL,20190628172837,002,000,ION
ZFOFFVOUI,BNFVZFUZRUFPUU,20190628172837,002,000,ION
ZIINLNNZP,BNUUZNRINZLNO,20190628172837,002,000,ION
ZIINLNNZP,BNUUZNILVLOFN,20190628172837,002,000,ION
ZIINLNNZP,BNUUZNLZFULNF,20190628172837,002,000,ION
IVLRVVPZZFU,BURVZNNIULLPU,20190628172837,002,000,IV
ZVRINUZUN,BNFVZNVILVFZR,20190628172837,002,000,ION
ZNRRFVVLZ,BNFVZNLFPIVPR,20190628172837,002,000,ION
VNUILUFPI,BNUUZNRUPUUVF,20190628172837,002,000,ION
LPONPIOPRRV,BURVZNVZRIIRU,20190628172837,002,000,LP
ILFUUNIOUUV,BNFVZNNIURIFR,20190628172837,002,000,IL
OLNNRUOIZPOR,BNFVZNNIUZZNL,20190628172837,002,000,OL
ZNLIZPPZZ,BURVZNNFFLPUU,20190628172837,002,000,ION
LZNONRNVZRUOO,BNFVZNNNUVPUO,20190628172837,002,000,LZ
LLNVFPZRPFOZ,BNFVZVUVPZRZV,20190628172837,002,000,LL
LLRPUONPPPIN,BURVZNLLPOIRO,20190628172837,002,000,LL
IUPPNNFNZ,BNFVZNIVVLLVV,20190628172837,002,000,ION
VNUILLPUN,BNUUZNONLIVIV,20190628172837,002,000,ION
ILFZONPLPZO,BNFVZNNIURNPF,20190628172836,002,000,IL
ZIZNRFFUZ,BURVZNRZNUPVV,20190628172836,002,000,ION
ILFLVVOUOUL,BURVDUZNVLFVPZOZPUNU,20190628172836,002,000,IL
VNUNVIPIO,BNUUDUZNVLOVFNPFVVZN,20190628172836,002,000,ION
VFNZNUVOP,BNUUVFNNLZVVN,20190628172836,002,000,ION
LLRRVOZOFFOZ,BNFVZNNIUZRVI,20190628172836,002,000,LL
RZPOZVLPFZN,BNFVZFUZNROLI,20190628172836,002,000,R
ILFLIOVFUPR,BNFVZNNIURURN,20190628172836,002,000,IL
IZILPRZUFOON,BNFVZNNIUZNRO,20190628172836,002,000,IZ
VNUNZVPVL,BNUUZNRVOOVRV,20190628172836,002,000,ION
ILFFRFIVLRP,BNFVZNNIUFNIU,20190628172835,002,000,IL
ZNFPORRPU,BNFVZNUURVZUV,20190628172835,002,000,ION
NOUNOUUUPFV,BNFVZNOFUNZUP,20190628172835,002,000,NOUN
ZFUNOUOVI,BURVDUZNZUUZIZZUVRFR,20190628172835,002,000,ION
ILZRZLZUVNO,BNFVZNNIUFZIU,20190628172835,002,000,IL
LURFZVRINVZ,BNFVZVUVUNVOF,20190628172835,002,000,LU
ZNUNUILLN,BNFVZNLUVNRUV,20190628172835,002,000,ION
ILFZFPVFZLL,BNFVZNNIURONN,20190628172835,002,000,IL
ZNUZUPUVU,BNFVZNNFFLPUU,20190628172835,002,000,ION
INFOVOFOLOU,BNFVZFFLZFFPV,20190628172835,002,000,IN
ZNUFFFLNZ,BNFVZNORPZPRF,20190628172835,002,000,ION
IOIPRZPNPVNO,BNFVZNNIULNZF,20190628172834,002,000,IOI
NIPFVRNLUNR,BNFVZNNIUPRRN,20190628172834,002,000,NIPF
ZNPILFLPR,BNFVZFVUINPOU,20190628172834,002,000,ION
ILFLROLNLPN,BNFVZNRRZVFZO,20190628172834,002,000,IL
IZIPURZNLNOF,BNFVZNNIURIZO,20190628172834,002,000,IZ
IOIPIPFNVURP,BNFVZNNIURNOU,20190628172834,002,000,IOI
NPOFFIONLZP,BNFVZNNIUFZLL,20190628172834,002,000,NPOF
ILFFFIZVIIN,BNFVZNNIUZLZP,20190628172834,002,000,IL
ZNVLZNLRV,BNFVZNRLFNZZZ,20190628172834,002,000,ION
ZILILNZRL,BNUUZNINIIIVF,20190628172834,002,000,ION
ZILILNZRL,BNUUZNPNURIPR,20190628172834,002,000,ION
INFOIFZUFUP,BNFVZNNIUZVPI,20190628172834,002,000,IN
ZVUNFVRZU,BNFVZVULPINOL,20190628172834,002,000,ION
VOVRUNUZV,BNUUZNROURVUZ,20190628172834,002,000,ION
IUPPUPFRP,BNFVZNPFOPPII,20190628172833,002,000,ION
ILFNPRLIPVN,BNFVZNNIURIOU,20190628172833,002,000,IL
LLRRONFPVUUF,BNFVZNLFVFNUN,20190628172833,002,000,LL
ZNLNLOPZZ,BNFVZFONVVIZV,20190628172833,002,000,ION
VNNLONLZZ,BNFVZNVZUVZUP,20190628172833,002,000,ION
INFVPORZIIO,BNFVZNNIURNRR,20190628172833,002,000,IN
VNUIVNVRO,BNUUZNZRLFZZN,20190628172833,002,000,ION
NOLUOPNOVRP,BNFVZNNIUZOOV,20190628172833,002,000,NOLU
IOVFZNFRZNUN,BURVZNNIUORPP,20190628172833,002,000,IOV
VFVNIZUNP,BNUUDUZNVFVVRPLVFRNO,20190628172833,002,000,ION
VNUNVIPLL,BNUUZNZUZUIVN,20190628172833,002,000,ION
ZNRZNFRZU,BURVZNFUORVON,20190628172833,002,000,ION
ILFPRROUNVN,BNFVZNNIULIUF,20190628172833,002,000,IL
LLRORUIOLLZZ,BNFVZNNIUFURP,20190628172833,002,000,LL
ILFNRZVRINZ,BNFVZNNIULPVL,20190628172833,002,000,IL
VNNVVNLRR,BNUUZNVNNRFUZ,20190628172833,002,000,ION
ZFRUIVZFO,BURVDUZNZUUZILUFUPUU,20190628172832,002,000,ION
ZFLUVFVNN,BURVZNNIULVVR,20190628172832,002,000,ION
LNRZRVOZVNI,BURVZNLFFOIUP,20190628172832,002,000,LN
ZNFNLIRRO,BNFVZNNFFLPUU,20190628172832,002,000,ION
ZNFRZLFLV,BNFVZNFOUFIRO,20190628172832,002,000,ION
ZNZVZNRNF,BNFVZNNIULFLV,20190628172832,002,000,ION
NVUIVPILFON,BNFVZNNIUFPFZ,20190628172832,002,000,NVUI
VNUIUVUVF,BNUUZNPZLFLFP,20190628172832,002,000,ION
VNUIUVUVF,BNUUZNZVIRFPI,20190628172832,002,000,ION
ILFIRZVPFIZ,BNFVZNNIUPZFF,20190628172832,002,000,IL
ZNNUNRRNP,BNFVZNNIUOLRF,20190628172832,002,000,ION
ILFRFPZNZLU,BNFVZNNIUPVFP,20190628172832,002,000,IL
VOZIUVIPU,BURVDUZNZUUZFRROLFFR,20190628172832,002,000,ION
ZNFNFFIZR,BNFVZNRPOIRNP,20190628172832,002,000,ION
ZIOVNUUZR,BNUUZNPOZRPOP,20190628172832,002,000,ION
ZIOVNUUZR,BNUUZNVNUUUNN,20190628172832,002,000,ION
ZIOVNUUZR,BNUUZNVUZNULI,20190628172832,002,000,ION
ZNZNOFPVF,BURVZNNPOLVNR,20190628172832,002,000,ION
LZNRVLINROVU,BNFVZNNIULOUZ,20190628172832,002,000,LZ
LLRLUOVNFNLF,BNFVZFFRLNFPI,20190628172831,002,000,LL
IZILOOZOOFOO,BNFVZNZONZUUN,20190628172831,002,000,IZ
ZNVNVUVRZ,BNFVZNIULORRP,20190628172831,002,000,ION
IVVVLNIZFR,BURVZNPFVVNFR,20190628172831,002,000,IV
ZNIFZOZFI,BNFVZNLPNPIFO,20190628172831,002,000,ION
VNUIUPUIO,BNUUZNUUULPNN,20190628172831,002,000,ION
VNUUNFUUN,BNUUZNZNPRPFF,20190628172831,002,000,ION
LZNONVZPUZZUI,BURVZNFZVZRRO,20190628172831,002,000,LZ
ZIUFNOIUU,BURVZNLUVIPIZ,20190628172831,002,000,ION
OVRVVRRRUIFI,BNFVZNNIUPFPP,20190628172831,002,000,OV
NRIVFLRZZUI,BNFVZNNIUFURU,20190628172830,002,000,NRIV
IUPPUPFRP,BURVDUZNZUUZFLFLFLLU,20190628172830,002,000,ION
ZNLPUUNFF,BNFVZNRUOFZNI,20190628172830,002,000,ION
ILFIZZVPIFR,BNFVZNNIURLUI,20190628172830,002,000,IL
ZNLUVOUIO,BNFVZNVPNNZPP,20190628172830,002,000,ION
ILFRURRNVLI,BNFVZNLPFPIVL,20190628172830,002,000,IL
VVUIUZPRU,BNUUZNLOIZRPF,20190628172830,002,000,ION
VVUIUZPRN,BNUUZNRUIFOOR,20190628172830,002,000,ION
VNNLOUNZI,BNUUVILUZPZZR,20190628172830,002,000,ION
ZVUNFVRZU,BNFVZVULPINOL,20190628172830,002,000,ION
VNUIIZOOZ,BNUUDUZNZUUZFVPLZPZV,20190628172830,002,000,ION
ILFLFZUPOZF,BNFVZFVOVLFLI,20190628172830,002,000,IL
ZNULPVUPI,BNFVZNZLUIURL,20190628172830,002,000,ION
IIFRUIUUURF,BNFVZNROFORLU,20190628172829,002,000,II
OONNZZFPUVFZV,BNFVZNNIUZPIR,20190628172829,002,000,OO
IIFNORVOFIR,BNFVZNUNOUIPU,20190628172829,002,000,II
VNNVUFZUP,BURVDUZNZUUZFVIOVFUI,20190628172829,002,000,ION
LNRZPIINPZN,BURVZNVRINPPF,20190628172829,002,000,LN
IIRPFLFPVPI,BNFVZNRLFPRZV,20190628172829,002,000,II
ZNLILLPRF,BURVFUZNIVNVFUZ,20190628172829,002,000,ION
NPFULILIOFV,BNFVZNNIURLVU,20190628172829,002,000,NPFU
VNUINRZLN,BNUUDUZNZUUZIZRULVLO,20190628172829,002,000,ION
ZNRIUNIZO,BNFVZNPFNUFRF,20190628172829,002,000,ION
VNUUNFUUN,BNUUZNLROPOUO,20190628172829,002,000,ION
ILZNIRULONN,BURVZNUNOUVUO,20190628172829,002,000,IL
ZFRURNOPF,BURVDUZNVLOVVIRUUOOP,20190628172829,002,000,ION
VNUIUPUIO,BNUUDUZNZUUZFFRIZLOP,20190628172829,002,000,ION
VNUILIRRO,BNUUZNFFRVOOI,20190628172829,002,000,ION
VNUFUPNUI,BURVDUZNZUUZFNOVFPPI,20190628172829,002,000,ION
LLRRROOFLPIF,BNFVZNNIUPOZF,20190628172828,002,000,LL
IIFOZRPUUIR,BNFVZNNIUPLFL,20190628172828,002,000,II
ZNONLPOUF,BNFVZNUUPFIUP,20190628172828,002,000,ION
VVNLOUVVU,BNUUZNPLVIURL,20190628172828,002,000,ION
ILFLIRRZNVI,BNFVZNNIUZZNZ,20190628172828,002,000,IL
ZNOZLONUN,BNFVZNFRVRPVO,20190628172828,002,000,ION
IVLZPPNVNRV,BURVZNVRZNVIN,20190628172828,002,000,IV
VNUIUPUIO,BNUUZNIURPULV,20190628172828,002,000,ION
VOVRUNUIV,BNUUZNPPOPZIO,20190628172828,002,000,ION
IULOUNFIN,BNUUZVULRUZPU,20190628172828,002,000,ION
IUPPUUILZ,BURVZNUZNILPP,20190628172828,002,000,ION
ILFPILUNRVI,BNFVZNNIURFFF,20190628172828,002,000,IL
VNUILIRRO,BNUUZNZZVIIFI,20190628172828,002,000,ION
ZIINLNNZP,BNUUZNVRZRULI,20190628172828,002,000,ION
IOIPFUFZFOOV,BNFVZFUVNFIVR,20190628172828,002,000,IOI
ZNFIVNUIR,BNFVZNNFFLPUU,20190628172828,002,000,ION
ZNROFVNNL,BNFVFUZNIZLZPVR,20190628172827,002,000,ION
LFRUIINUULI,BNFVZNNIURPUF,20190628172827,002,000,LF
ILFVUUILFNR,BNFVZNNFFLPUU,20190628172827,002,000,IL
ILZONNVUZNN,BURVZNRVPFPZZ,20190628172827,002,000,IL
LZNONFINVFOPU,BNFVZVUVRUORL,20190628172827,002,000,LZ
ZIINLNNZP,BNUUZNVPLFVFP,20190628172827,002,000,ION
ZIINLNNZP,BNUUZNPZZFPUL,20190628172827,002,000,ION
VOVRUNUIV,BNUUZNVVOPOZL,20190628172827,002,000,ION
IOVFFNNRLLIZ,BNFVZNOLURUZU,20190628172827,002,000,IOV
VVUIUZPRN,BNUUZNIVNLLLP,20190628172827,002,000,ION
ZNLRVLZVI,BNFVZNPFZFRUU,20190628172827,002,000,ION
ZNRLNNUIZ,BNFVZNFPOVNNP,20190628172827,002,000,ION
ZIOVNUUZR,BNUUZNLRFILZR,20190628172827,002,000,ION
LINZZFVURZ,BNFVZNOURVRIP,20190628172827,002,000,LI
ZIOVNUUZR,BNUUZNNUOPLFU,20190628172827,002,000,ION
VNIUUVULV,BNUUZNRFIZFFZ,20190628172827,002,000,ION
IOIPILVVZPNZ,BNFVZNRIRNUPF,20190628172827,002,000,IOI
IIFVIUFLZPV,BNFVZNNIUPFOI,20190628172826,002,000,II
ILFUPRPZFLI,BNFVZNIFIPNZP,20190628172826,002,000,IL
ZNIOZUULI,BNFVZNLUVZPVF,20190628172826,002,000,ION
ILFFVZZUZNN,BURVZNNIUZLPP,20190628172826,002,000,IL
ZNZVZUPLF,BNFVZFFRRZUOR,20190628172826,002,000,ION
ILFVRZLVPPV,BNFVZNRFLZUFN,20190628172826,002,000,IL
VNUIFZZNI,BNUUZNFFVOLPO,20190628172826,002,000,ION
ZNZIFUFPF,BNFVZNOVVVFVR,20190628172826,002,000,ION
LNRZIUORZLI,BURVZNZULVFPU,20190628172826,002,000,LN
LOFUFLNOLN,BNFVZVUVOZLFF,20190628172826,002,000,LO
LLRIRPNPNOUL,BNFVZFUPNONZV,20190628172826,002,000,LL
ZNVVFUUIL,BNFVZNVVFUUVR,20190628172826,002,000,ION
VNNLOUNZI,BNUUZNZOLFRNI,20190628172826,002,000,ION
VNUIVILPI,BNUUZNOORVILP,20190628172826,002,000,ION
IOIPRIINPOUZ,BNFVZFURIZFUP,20190628172826,002,000,IOI
VNUILIRRO,BNUUDUZNZUUZFLONOPLL,20190628172826,002,000,ION
VNUILIRRO,BNUUDUZNZUUZFLONOPLL,20190628172826,002,000,ION
VNNVNNRZO,BURVZNIRPNULV,20190628172826,002,000,ION
VNUIUPUIO,BNUUDUZNZUUZFULNOOVU,20190628172826,002,000,ION
VNNVNNRZO,BURVZNZVIROZV,20190628172825,002,000,ION
ZFZVZFFFL,BNFVZFZIZFZOO,20190628172825,002,000,ION
IUZRFFFRV,BNFVFUZNLFPLIZO,20190628172825,002,000,ION
ILFRFLFIINL,BNFVZNNIUPPOV,20190628172825,002,000,IL
ZIINVIOIO,BNFVZNNFFLPUU,20190628172825,002,000,ION
VNUILIRRO,BNUUZNFVUFLUP,20190628172825,002,000,ION
IIZPILOUOVR,BNFVZNINZIRIN,20190628172825,002,000,II
ZNZZZZFIL,BNFVZNRILIORO,20190628172824,002,000,ION
IIFNOULRIIN,BNFVZNNIUPUIV,20190628172824,002,000,II
ILFUONILFRF,BNFVZNNIUFROL,20190628172824,002,000,IL
IZIILIZOFRFL,BNFVZNNIUOURR,20190628172824,002,000,IZ
ZFLRULVFR,BNFVZFVZVFPRU,20190628172824,002,000,ION
IPOZNIZOFZOI,BURVDUZNVLFVPZIOPVUO,20190628172824,002,000,IPO
ILFUNIIIORL,BNFVZNNIUOINR,20190628172824,002,000,IL
IIROLNVUNNF,BNFVZNULZNPPI,20190628172824,002,000,II
ZFVLIUIZV,BNFVZFUZRURORR,20190628172824,002,000,ION
VNUILNNFZ,BNUUZNFIUFZNV,20190628172824,002,000,ION
LZNROFFNLZNZ,BURVZNONOUPFU,20190628172824,002,000,LZ
VNRVFOPIP,BNUUDUZNVLOVNPLZRIRF,20190628172824,002,000,ION
LLROLUUOUPLN,BNFVZFURIZLNZ,20190628172824,002,000,LL
ZNOUNVUIN,BNFVZNFIPZPVI,20190628172823,002,000,ION
IZUPOLVNNOVP,BNFVZVUUROOLI,20190628172823,002,000,IZ
ZNFRUPRFF,BNFVZFUPNLZRV,20190628172823,002,000,ION
IVLPLRIOOIL,BURVZNNIUFNZI,20190628172823,002,000,IV
ZVLNIUOIV,BNFVZNNIUZPRL,20190628172823,002,000,ION
VNUIUPUIO,BNUUZNOZIVOLI,20190628172823,002,000,ION
IUPPUPPUI,BNFVZNZZUFVPU,20190628172823,002,000,ION
ZNFPLVZIZ,BNFVZNZLULPRO,20190628172823,002,000,ION
LLVUIFUPIVUU,BURVZNNPNVZUL,20190628172823,002,000,LL
ZNPUPRNRR,BNFVZNLRRVPOZ,20190628172823,002,000,ION
IUVLFNUVILUP,BNFVZNRIPPIPO,20190628172823,002,000,IU
LLRZRRLIVOPF,BNFVZFUPIOLNI,20190628172822,002,000,LL
ILFNRIPVRPV,BNFVZNNIUZVRI,20190628172822,002,000,IL
NVUZLNUUZNI,BNFVZNNIUPFZR,20190628172822,002,000,NVUZ
ZNVURUIUV,BURVZNIONIIVZ,20190628172822,002,000,ION
VOILVLVO,BNFVZNNIUZLNP,20190628172822,002,000,ION
IUPPURFUZ,BNFVZNLOPZLNU,20190628172822,002,000,ION
ZUOIUUINIFNO,BNFVZNNIULZIZ,20190628172822,002,000,ZU
ZIOVNUUZR,BNUUZNUFILIZO,20190628172822,002,000,ION
VNUIVILPI,BNUUZVUUZRZUI,20190628172822,002,000,ION
ZIOVNUUZR,BNUUDUZNZUUZFOLRVLVF,20190628172822,002,000,ION
ZIOVNUUZR,BNUUZNILZFPFL,20190628172822,002,000,ION
ZIOVNUUZR,BNUUZNPRZUILU,20190628172822,002,000,ION
VNNLONLZZ,BNFVZNVZUVZUP,20190628172822,002,000,ION
ZIOVNUUZR,BNUUZNPVNPORR,20190628172822,002,000,ION
ZIOVNUUZR,BNUUZNILZIFLP,20190628172822,002,000,ION
IINLRPIRZIU,BNFVZNULFFLNP,20190628172822,002,000,II
ZILPOLFPL,BNFVZNUUFVOOV,20190628172822,002,000,ION
ZFOPFOIZL,BNFVZFUZRRVOFR,20190628172822,002,000,ION
INFPIVZFPNF,BNFVZNNIURFUI,20190628172822,002,000,IN
VILPUIIIFOVPN,BURVZVUVFUONV,20190628172822,002,000,VIL
VNUIUPUIO,BNUUZNZLVOPLI,20190628172822,002,000,ION
ILFRUPFFNRI,BNFVZVRZOUUVL,20190628172821,002,000,IL
ILFPORVPVVU,BURVZNOOZUPUV,20190628172821,002,000,IL
ZNOIFNPZR,BNFVZNOVPFFFI,20190628172821,002,000,ION
ZNNZOZRUV,BURVZNLNOOVVU,20190628172821,002,000,ION
VVUNLZLNU,BURVZNROZPVUR,20190628172821,002,000,ION
ZNOUZLVRZ,BNFVZNNFFLPUU,20190628172821,002,000,ION
IOIPRFVIPZUI,BURVZNLNVRLLV,20190628172821,002,000,IOI
IOIPRIPPFVZU,BNFVZNNIUOOVP,20190628172821,002,000,IOI
IIFRFZNNUIN,BNFVZNNIUZFOZ,20190628172821,002,000,II
ILZNIRULONN,BNFVZNUNOUVUO,20190628172821,002,000,IL
LZNRIFUVLUNV,BNFVZNPVNOIFV,20190628172821,002,000,LZ
IUPPUPRVP,BNFVZNVRPOPPP,20190628172821,002,000,ION
VOVRUNUFU,BNUUZNIOOIPLF,20190628172821,002,000,ION
LLRRZFZOVNZV,BNFVZNNIUFNZR,20190628172821,002,000,LL
VNUNZIUVO,BNUUZNRUNRPUN,20190628172821,002,000,ION
VNUILIRRO,BNUUZNRNNZUFN,20190628172821,002,000,ION
ZNIVPFLPI,BNFVZNNFFLPUU,20190628172820,002,000,ION
ILFILFVULPP,BURVZNIVRORNV,20190628172820,002,000,IL
VOFUPINRL,BNUUDUZNVLOVVRFONLOF,20190628172820,002,000,ION
LLNVIOURVIZI,BNFVZFURNFPNN,20190628172820,002,000,LL
ZNFOFFNUN,BNFVZNZVRRVVO,20190628172820,002,000,ION
ILFVUOFINRF,BNFVZNPFVFNPV,20190628172820,002,000,IL
IIFUZURNZPU,BNFVZNNIULLRP,20190628172820,002,000,II
IIFINZZOIPF,BNFVZNUFPVNNR,20190628172820,002,000,II
IOVVFVIVUIZ,BNFVZNOPRNOUL,20190628172820,002,000,IOV
FNLURFNZLFZ,BURVZNNIUZZLU,20190628172820,002,000,FN
VVUIUZPRN,BNUUZNNPRNOIR,20190628172820,002,000,ION
VVUIUZPRN,BNUUZNNPRNOIR,20190628172820,002,000,ION
VNUIIULUF,BNUUZNLORLVVN,20190628172820,002,000,ION
VNUIUPUIO,BNUUZNVVVLZPI,20190628172820,002,000,ION
ZIOVNUUZR,BNUUZNUINPIII,20190628172820,002,000,ION
ZNOZNROIF,BNFVZNNRRZNFZ,20190628172820,002,000,ION
ZNOZFONPR,BNFVZNNUFIUZN,20190628172820,002,000,ION
LLRRIZNZFPZI,BNFVZFUZNFUZI,20190628172820,002,000,LL
IUPPUPRNZ,BNFVZNLNLVZZP,20190628172820,002,000,ION
ZNVOUNLUF,BNFVZNOUVPIUF,20190628172819,002,000,ION
ZFRLLLRUR,BNFVZNNIUZVVF,20190628172819,002,000,ION
LZNRFLRNZLVLO,BNFVZVUVPINUO,20190628172819,002,000,LZ
IIIVUINIFII,BNFVZNVORVINF,20190628172819,002,000,II
VNUIUPUIO,BNUUZNLVNLVLZ,20190628172819,002,000,ION
ILFOLRIRPVU,BNFVZNNIUFOVF,20190628172819,002,000,IL
IIFILNRUPZI,BNFVZNNIUZVUO,20190628172819,002,000,II
ILFLZZFPOFV,BNFVZFLVLOPRR,20190628172819,002,000,IL
LLRLLPNZPZPR,BNFVZNNFFLPUU,20190628172819,002,000,LL
IZIPUROUOLIO,BURVZNVNULORF,20190628172819,002,000,IZ
ILFFUUVZVLI,BNFVZNNIUOLVR,20190628172818,002,000,IL
LLRRILLOFIOF,BNFVZNNIUZRFI,20190628172818,002,000,LL
ILFIZFIPOFN,BNFVZNNIUFZUP,20190628172818,002,000,IL
ZNLRPRFUU,BURVZNNIURVVZ,20190628172818,002,000,ION
ZVFPRUVIP,BNFVZFLVZVLLU,20190628172818,002,000,ION
ZNROUUURI,BURVDUZNZUUZFOUIVLFF,20190628172818,002,000,ION
ZNVIROZVL,BNFVZFVVIVIRU,20190628172818,002,000,ION
VNUNZIUVO,BNUUZNZUIFVOP,20190628172818,002,000,ION
ZILILNZRL,BNUUZNVVNVVIP,20190628172818,002,000,ION
LLVUPUPZLFLR,BURVDUZNZUUZILOZNUON,20190628172818,002,000,LL
IUPPURPVP,BNFVZNOROOULU,20190628172818,002,000,ION
IINRFZRRFVI,BNFVZNNIUPOZN,20190628172818,002,000,II
ZVFOOIURR,BNFVZFUZRUUPRF,20190628172817,002,000,ION
LLRPZURVIFVZ,BNFVZNNIUPVRZ,20190628172817,002,000,LL
ZIZFVFFLN,BURVZNZLLPZUP,20190628172817,002,000,ION
ZNLUPZUUO,BNFVZFVROPVUO,20190628172817,002,000,ION
ZNNORIRZU,BNFVZNFINIVLN,20190628172817,002,000,ION
INNIOZUIZUU,BNFVZNPRVFOVU,20190628172817,002,000,IN
VNUIIULUF,BNUUZNOPZOOLL,20190628172817,002,000,ION
VNUPOUUZZ,BNUUZNPPVFRLO,20190628172817,002,000,ION
ZNZUZOINZ,BNFVZNVFLZIRZ,20190628172817,002,000,ION
ZNRVRRFNV,BNFVZNVLPFVNI,20190628172816,002,000,ION
ZFONUVOVO,BURVZNNIULUIL,20190628172816,002,000,ION
LFRIUOZLZLU,BNFVZNNIULLVR,20190628172816,002,000,LF
ZNUFIIRVL,BURVZNILZPZNV,20190628172816,002,000,ION
LLRZPUOORPNP,BNFVZNNIUZIIP,20190628172816,002,000,LL
IPOZPZVPVNPL,BNFVZNPRVFOVU,20190628172816,002,000,IPO
VPIZZUURU,BNUUZNPIIUOVN,20190628172816,002,000,ION
VFVUPINIV,BNUUZNLNNLFOU,20190628172816,002,000,ION
ZIFINPNUR,BURVZNVVFORNL,20190628172816,002,000,ION
ZNPNZNRPV,BNFVZNONLPLVF,20190628172816,002,000,ION
IIFRUONUINO,BNFVZNNIUONRR,20190628172816,002,000,II
VNUIVNVRO,BNUUZNROOIFOV,20190628172816,002,000,ION
NRUFRIZLILU,BNFVZNNIUOOON,20190628172816,002,000,NRUF
VNUPLRUPI,BNUUDUZNVLFVNVPPPNNU,20190628172816,002,000,ION
IIFIRPNUOOR,BNFVZNNIUPOZF,20190628172816,002,000,II
VLZPPUIUU,BNUUZNUOPNFRF,20190628172816,002,000,ION
ILFIZNUUONN,BNFVZNPRLOPUR,20190628172816,002,000,IL
VNUIUPVRN,BNUUZNNNOLVNV,20190628172816,002,000,ION
LLRRORVRPUUR,BNFVZFUZNORIL,20190628172816,002,000,LL
ZIOVNUUZR,BNUUZNIOLURZF,20190628172816,002,000,ION
ZIOVNUUZR,BNUUZNRZVZNPV,20190628172816,002,000,ION
ZIOVNUUZR,BNUUZNULPLNIR,20190628172816,002,000,ION
VNUUNFUUN,BNUUZNVRVFNNV,20190628172816,002,000,ION
IIFPNIRRUZU,BNFVZNPZLOPFZ,20190628172815,002,000,II
NFULPPZIRNU,BNFVZNUZVLPUO,20190628172815,002,000,NFUL
IOVFZNVOOUUZ,BURVZNPRVLPRP,20190628172815,002,000,IOV
IIIONVOVOLV,BNFVZNNIUFIZI,20190628172815,002,000,II
INFIIPOOZUO,BNFVZNPIILRFF,20190628172815,002,000,IN
ZFFUPLLIV,BNFVZFUZRUNRUU,20190628172815,002,000,ION
ZNNOOUULO,BURVZNNFFLPUU,20190628172815,002,000,ION
IIFNPLURURR,BNFVZNNIUORNI,20190628172815,002,000,II
ILFROZINVPO,BURVDUZNZUUZFLFLRLLR,20190628172815,002,000,IL
ZNUUPRRVP,BNFVZNIRRVUPZ,20190628172815,002,000,ION
VNULNPVZR,BNUUDUZNZUUZIRFRLUNU,20190628172815,002,000,ION
VNUIULPIU,BNUUDUZNZUUZFPPPOLIL,20190628172815,002,000,ION
IIFNRPIVZUF,BNFVZNNIURRZU,20190628172815,002,000,II
ZNRPNVPIP,BNFVZNZOVNRUO,20190628172815,002,000,ION
IIROLNVUNNF,BNFVZNULZNPPI,20190628172815,002,000,II
ZNRLINLOP,BNFVZNZRRRRVP,20190628172815,002,000,ION
IOZPPPLNFLVF,BNFVZNNIULZVU,20190628172814,002,000,IOZ
ILFUNVNRLOO,BNFVZNNIUPZZL,20190628172814,002,000,IL
ZNPIPZOVZ,BURVZNPIPPNRI,20190628172814,002,000,ION
IIROPLFRZNP,BURVZNFVOZRUU,20190628172814,002,000,II
VNUIFZZUV,BNUUZNLIUIFFN,20190628172814,002,000,ION
VOIVULVVU,BURVZNFVZFFLP,20190628172814,002,000,ION
ZNZLIRLFL,BNFVZNVNPOONN,20190628172814,002,000,ION
ZILILNZRL,BNUUZNIPLVORZ,20190628172814,002,000,ION
VNUIIFRRI,BNUUZNUNZOFPN,20190628172814,002,000,ION
VOORNPNUU,BNUUZNFPVUZRR,20190628172814,002,000,ION
NRLRIUURIVU,BNFVZNNIUOZOU,20190628172814,002,000,NRLR
ZNVLFVZNU,BNFVZFVFPLRNO,20190628172814,002,000,ION
ILFFVVULFLU,BNFVZNNIULPII,20190628172813,002,000,IL
ZNZNOPNPP,BNFVZNVVPPULV,20190628172813,002,000,ION
ZNRRLNOZO,BURVZNRIORNLP,20190628172813,002,000,ION
LLVUPFNULPNL,BURVDUZNVFNVNRVIFIFL,20190628172813,002,000,LL
ZIZOURLRO,BNFVZNZIOFVOV,20190628172813,002,000,ION
VNNLOULUF,BNUUZNIRZIPRP,20190628172813,002,000,ION
VIFVNUNPU,BNUUDUZNVLFVLLOROFPU,20190628172813,002,000,ION
OONNZPRZOLFVR,BNFVZNNIUZOLI,20190628172813,002,000,OO
ZVUILLNRU,BURVZVUORFRZL,20190628172813,002,000,ION
IIFVUPUILIO,BNFVZNFUNVLNI,20190628172813,002,000,II
ZNNUPNIFN,BNFVZNNFFLPUU,20190628172813,002,000,ION
IIRPNUUFILV,BNFVZNNIURUIN,20190628172812,002,000,II
IZIPPPVZPLIP,BNFVZNRUZLLOL,20190628172812,002,000,IZ
LLNVIOURNZFN,BNFVZNNIUPNIF,20190628172812,002,000,LL
ZNLRFVUNU,BNFVZNZFVLIZN,20190628172812,002,000,ION
ZNIVVIPRO,BNFVZNFNFLFUN,20190628172812,002,000,ION
VILNZZIOU,BURVDUZNVLOVLZOLUOZU,20190628172812,002,000,ION
IUVLVNUOOLON,BNFVZNFZZUZIU,20190628172812,002,000,IU
IUPPURPVP,BNFVZNOROOULU,20190628172812,002,000,ION
ZIZNINFZP,BURVZNUFFFFVR,20190628172812,002,000,ION
ZIVUZUFNR,BNFVZFRLOOLNR,20190628172812,002,000,ION
ZILNVOROR,BURVDUZNZUUZIPPOZRPF,20190628172812,002,000,ION
IOVFZNRVRORF,BURVZNRPFOLOR,20190628172812,002,000,IOV
IOIPRVOZOFLO,BNFVZFURNFURL,20190628172811,002,000,IOI
LZNRUVVLLVVL,BNFVZNNIUFIRV,20190628172811,002,000,LZ
VLLZVFVINNVO,BNFVZNFUNIVIZ,20190628172811,002,000,VLL
ILFUVVOVFUZ,BURVZNZZNZULN,20190628172811,002,000,IL
ZNRPNRLPP,BNFVZNRPOURUU,20190628172811,002,000,ION
VNNLONUPR,BURVZNLVFOVIN,20190628172811,002,000,ION
LLRZVUPLPOVV,BNFVZNNIUPOIL,20190628172811,002,000,LL
ILFVZOURPNP,BNFVZNNIUOPPR,20190628172811,002,000,IL
IOVFZNPUURVU,BURVZNRFUVOPP,20190628172811,002,000,IOV
VNULILLRZ,BNUUZNZZZVNFF,20190628172811,002,000,ION
ZNNNFZONR,BNFVZNNIUPFVP,20190628172811,002,000,ION
ZNVVOOONV,BNFVZNPFRFRVI,20190628172811,002,000,ION
VNUINNRVL,BNUUZNUORNLLR,20190628172811,002,000,ION
IZUIRFZNZNON,BNFVZNIZNFLOZ,20190628172811,002,000,IZ
VLLZVIVPRRPF,BNFVZNNIUPNRR,20190628172810,002,000,VLL
ZNFPFZINN,BNFVZNNIUZPZI,20190628172810,002,000,ION
LNRFVLOINLO,BNUUZNIINRZIU,20190628172810,002,000,LN
ZNPVRULUN,BNFVZNULPONFO,20190628172810,002,000,ION
LLVUIFUPUZIO,BURVZNILPVILF,20190628172810,002,000,LL
ZNUZLFZZV,BNFVZNZRORRRO,20190628172810,002,000,ION
LLNVIOURIRPU,BNFVZNNIUOINR,20190628172810,002,000,LL
VNULILLRZ,BNUUZNZZZVNFF,20190628172810,002,000,ION
IOZPRRVVVNNI,BNFVZNNIUOOPI,20190628172810,002,000,IOZ
ZIZNINFZP,BURVZNUFFFFVR,20190628172810,002,000,ION
VNNLONOOI,BNFVZNVOPOZOZ,20190628172810,002,000,ION
VNUUNFUUN,BNUUZNZRNUFPP,20190628172810,002,000,ION
VNULNOZVU,BNUUZNFPZIZNU,20190628172810,002,000,ION
ZIOVNUUZR,BNUUZNPPOUPRL,20190628172810,002,000,ION
VNZVIPOUU,BNUUDUZNVLOVNLIFIRVR,20190628172810,002,000,ION
ZINRPVIIP,BNFVZNFNPIVUI,20190628172809,002,000,ION
IIZOLROPFUO,BNFVZNNIUORRF,20190628172809,002,000,II
IOIPFNRVPLLV,BNFVZNNIUOULR,20190628172809,002,000,IOI
IUVNUOIVVFOO,BNFVZNRIPPIPO,20190628172809,002,000,IU
ILFFNNROZPO,BNFVZNPNPRVIN,20190628172809,002,000,IL
ILFNOUVZVLI,BURVZNNIUZLZO,20190628172809,002,000,IL
VNULNZLVV,BNUUZNVVRIONO,20190628172809,002,000,ION
ZNUPUNIPL,BNFVZNRUUPPRO,20190628172809,002,000,ION
IULOULUUZ,BNUUZNPFVVLPL,20190628172809,002,000,ION
ZNRVLOVRU,BURVZNNFFLPUU,20190628172809,002,000,ION
VNIVINLPV,BNUUZNRPIRIFI,20190628172809,002,000,ION
VNNVNNRZO,BNUUZNRRVONOZ,20190628172809,002,000,ION
NVNUZPPFUIF,BNFVZNNIUZFFI,20190628172809,002,000,NVNU
VLZVLNVPU,BNUUDUZNVLOVFVPLUZFU,20190628172809,002,000,ION
ZIFLVUOZN,BNFVZNLNVZLZF,20190628172808,002,000,ION
ILFNRRFVIFF,BNFVZNPFZUUVP,20190628172808,002,000,IL
LZNRFPIVFVOVN,BNFVZNNIUOPUV,20190628172808,002,000,LZ
ZIFOLLONI,BURVZNLFVIIVV,20190628172808,002,000,ION
IIFZPUOFVNI,BNFVZNFORNLRN,20190628172808,002,000,II
ZNLOVIZNF,BNFVZNVOVVNLV,20190628172808,002,000,ION
IOZPPRRIRLLZ,BNFVZNNIUORPO,20190628172808,002,000,IOZ
VIZZNRNRU,BNUUZNFRZVPIL,20190628172808,002,000,ION
IIFIUIFIIIF,BURVZNRVRRZVI,20190628172808,002,000,II
VNULILLRZ,BNUUDUZNVLFVNRVNUFLU,20190628172808,002,000,ION
VOVRUNUZV,BNUUZNULOUZPZ,20190628172808,002,000,ION
VVNVULUVP,BNUUZNRNRLIIV,20190628172808,002,000,ION
ZNOFPFUNR,BNFVZNUFFFFVR,20190628172808,002,000,ION
ZNVFRFNPZ,BNFVZNPRRFZUP,20190628172808,002,000,ION
LUROFPFLNFF,BNFVZVUVPPNIF,20190628172808,002,000,LU
INFPIOROVPO,BNFVZNNIUOVLO,20190628172807,002,000,IN
ZNIVPFLPI,BNFVZNVUZNZUV,20190628172807,002,000,ION
LPONNUOZVRF,BNFVZNFUZLIPO,20190628172807,002,000,LP
IOVFVNVROVZL,BNFVZNNIUZOOU,20190628172807,002,000,IOV
NPOFRPOOIZP,BNFVZNNIUPOIO,20190628172807,002,000,NPOF
VNPZPNUIV,BNUUDUZNVLFVNLNVOLPR,20190628172807,002,000,ION
ZNLOUORZZ,BNFVZNNFFLPUU,20190628172807,002,000,ION
VNUIUFZPZ,BNUUZNFUOOOZP,20190628172807,002,000,ION
VNUIUPURF,BNUUZNLIOOLIN,20190628172807,002,000,ION
ZIPRVFIOU,BURVZNUVNOPNO,20190628172806,002,000,ION
IOZZPPVUIFOR,BNFVZNNIUPZLU,20190628172806,002,000,IOZ
VVVLRRZFOVO,BNFVZFLFRLRRF,20190628172806,002,000,VVV
LLROZRUROROU,BNFVZNNIUZIZO,20190628172806,002,000,LL
IIFNVRZNULV,BNFVZNLVFORFV,20190628172806,002,000,II
LZNRLNPUOZRI,BNFVZNNIUZIFI,20190628172806,002,000,LZ
LLVUIFUPNOIZ,BURVZNFFZPFNF,20190628172806,002,000,LL
LLROLZLVIUNV,BNFVZFIVZLONR,20190628172806,002,000,LL
NLNFVRONNUU,BNFVZNNIUPUZR,20190628172806,002,000,NLNF
ZNPFNIZRZ,BNFVZNPIIZNOI,20190628172806,002,000,ION
VOVRUNUZV,BNUUZNOUOIZNI,20190628172806,002,000,ION
ZFFNUUNLR,BNFVZNRLOOPRZ,20190628172806,002,000,ION
ILFZPOUOZPV,BNFVZNNIULLUR,20190628172806,002,000,IL
IOVFZNOPZPPF,BURVZNNNPVLIUP,20190628172806,002,000,IOV
ZNUONZPOL,BNFVZFLIVUVVN,20190628172806,002,000,ION
IUPPURPVP,BNFVZNOROOULU,20190628172806,002,000,ION
ZNFUUVIVI,BNFVZFOUNLURV,20190628172806,002,000,ION
IOIPRFFLOOLO,BNFVZFURNOOLP,20190628172806,002,000,IOI
ZNIPPVVRR,BNFVFUZFRNRIPUU,20190628172805,002,000,ION
ZFPFZLOLO,BURVZNNPZNNNV,20190628172805,002,000,ION
ILFPRROUNVN,BNFVZNNIULLPN,20190628172805,002,000,IL
ILFRZLLFRPU,BURVDUZNZUUZIFFFPUPR,20190628172805,002,000,IL
NOUFOUNZZZU,BNFVZNNIUFIZO,20190628172805,002,000,NOUF
LURORIIVUUL,BURVZNZFVIRFF,20190628172805,002,000,LU
VNUIUVPPZ,BNUUZNUNZOFPN,20190628172805,002,000,ION
VVNVULUVP,BNUUDUZNZUUZFPONFLZO,20190628172805,002,000,ION
VNNVNNRZO,BURVDUZNZUUZFIUPNNRL,20190628172805,002,000,ION
VOVRUNUZV,BNUUZNRVNNIOL,20190628172805,002,000,ION
IFIUFPOONOL,BNFVZNOUFUROL,20190628172805,002,000,IF
ZINNZOPOL,BNFVZNIUFZLLZ,20190628172805,002,000,ION
VOFIPPIZO,BNUUDUZNVLOVVFUONIIU,20190628172805,002,000,ION
ILFFORFRUNO,BNFVZFORPLIUZ,20190628172805,002,000,IL
VNNVNNRZO,BNUUDUZNZUUZILZUVUNO,20190628172805,002,000,ION
IULOUIIOF,BNUUZNNNOINUU,20190628172805,002,000,ION
VNUINUUUU,BNUUZNFNIULUL,20190628172805,002,000,ION
ZIRIVLIVI,BURVZNUUUVVFZ,20190628172804,002,000,ION
VNUNNORLP,BNFVZNNFFLPUU,20190628172804,002,000,ION
ZNRNUVULZ,BURVZNNFFLPUU,20190628172804,002,000,ION
VILUPVRFR,BNUUDUZNZUUZFVFORPRZ,20190628172804,002,000,ION
ZNPPIPZPO,BNFVZNZLLRPRU,20190628172804,002,000,ION
ZNPVRPVOF,BURVZNFNFVIRL,20190628172804,002,000,ION
ZIOVNUUZR,BNUUZNZFIIUFR,20190628172804,002,000,ION
ZIOVNUUZR,BNUUZNNNIUUUV,20190628172804,002,000,ION
ZIOVNUUZR,BNUUZNIVIVPZN,20190628172804,002,000,ION
ZIOVNUUZR,BNUUZNPZZVZII,20190628172804,002,000,ION
ZIOVNUUZR,BNUUZNPVUNLLU,20190628172804,002,000,ION
ZIRPNNIRO,BNFVZNNURIOZU,20190628172804,002,000,ION
ZNULZOVFI,BNFVZNLRZZURR,20190628172804,002,000,ION
IIFIRIOLRVZ,BNFVZNNIULFIP,20190628172804,002,000,II
OOVNZZRFUZOII,BNFVZNNIURZZN,20190628172803,002,000,OO
VVLFVIUZRONP,BNFVZVUNVZFNV,20190628172803,002,000,VVL
ILFFUOZRFPN,BNFVZNNIUPZLR,20190628172803,002,000,IL
LLRRZOPLRNNR,BNFVZFUZNLFPR,20190628172803,002,000,LL
VNUUNFUUV,BNUUDUZNVLFVVIROVORP,20190628172803,002,000,ION
VNUPOUUZZ,BNUUZNPRPVPLI,20190628172803,002,000,ION
ZNRRFLLPO,BNFVZNZZFLNZP,20190628172803,002,000,ION
IIFUIOIVIPV,BNFVZNIFUZNUO,20190628172803,002,000,II
ZIVUNOFPP,BURVZNZRIPOFN,20190628172802,002,000,ION
ZFRVOONIP,BNFVZNNFFLPUU,20190628172802,002,000,ION
VNNOPINPP,BNFVZNNFFLPUU,20190628172802,002,000,ION
ZVORURPNR,BURVZNIROONOL,20190628172802,002,000,ION
OOFNZPNNNRZIF,BURVZNIPNLORL,20190628172802,002,000,OO
ZNRNZLUUO,BNFVZNVUNORNL,20190628172802,002,000,ION
ZFLNLLPIN,BNFVZNZRFPOPF,20190628172802,002,000,ION
INFNNNZNLNL,BNFVZNNIUFILN,20190628172802,002,000,IN
ILFRIFILNLI,BNFVZNNIUFNLL,20190628172802,002,000,IL
LLRRLOFVNPPI,BNFVZNNIUORUI,20190628172802,002,000,LL
ZNZLLVPZI,BNFVZNLLLUZFL,20190628172801,002,000,ION
ZNOPLIFNR,BURVDUZNZUUZFFPOPFVR,20190628172801,002,000,ION
ZNLIURZNU,BNFVZNRNIUUPZ,20190628172801,002,000,ION
ZFFIULOPZ,BNFVZNNIUFLNN,20190628172801,002,000,ION
NLNFOFNNNZV,BNFVZNZFNUFLIL,20190628172801,002,000,NLNF
VNNVNNRZO,BNUUZNRZORNPP,20190628172801,002,000,ION
IOVFVNLRNPZR,BNFVZNLZLZVVN,20190628172801,002,000,IOV
ZNPRRFZUP,BNFVZNVFRFNPZ,20190628172801,002,000,ION
ZUVNFVOURFPU,BNFVZNNIUFVUR,20190628172801,002,000,ZU
LIIFPRVVNVO,BNFVZNRIPPIPO,20190628172801,002,000,LI
OOZNZZVUVFINN,BNFVZNNIUFZZN,20190628172801,002,000,OO
ZNLOPIUFR,BNFVZNNIURZOF,20190628172801,002,000,ION
ZNRUFNLOL,BNFVZFVIUFLLR,20190628172800,002,000,ION
ZFRUZVUUN,BURVDUZNZUUZFZVZVVFZ,20190628172800,002,000,ION
ILFVPVUUFIZ,BNFVZNNIUFLRN,20190628172800,002,000,IL
VRRVLORNZZO,BURVDUZNZUUZFPURNNRI,20190628172800,002,000,VR
IZIVZVIURZVI,BNFVZFURIRINU,20190628172800,002,000,IZ
IUPPNUOOF,BNFVZVRZZFIIN,20190628172800,002,000,ION
ZIZNINFZP,BURVZNUFFFFVR,20190628172800,002,000,ION
ZNNUNRZRV,BNFVZNVFPRRIU,20190628172800,002,000,ION
ILFIZOIUOZR,BNFVZFZFNNOON,20190628172800,002,000,IL
IULOUVUNP,BNUUZNRINVOPF,20190628172800,002,000,ION
ZNPVZVPRF,BNFVZNPUFRPIN,20190628172800,002,000,ION
ZNZVUUFPU,BNFVZNLLPIFOF,20190628172800,002,000,ION
ZNLLOPNRL,BNFVZNPOFRZFO,20190628172800,002,000,ION
