NFNRVROLUNU,BURVDUZNZUUZILZIVZIV,20190627235956,002,000,NFNR
IIVLIFUVPVP,BURVZNIIFNLNV,20190627140536,002,000,II
ZNPZPZFPP,BNFVZNPFFNLOZ,20190627140535,002,000,ION
ILFIUUFPIOZ,BNFVZNROVZLFI,20190627140534,002,000,IL
ZIFNUVUOV,BURVZNLNROUUI,20190627140534,002,000,ION
INFOILIOZZU,BNFVZNNIUONFO,20190627140534,002,000,IN
ZNLPRINII,BNFVZNVIPNUFO,20190627140533,002,000,ION
VLLZIVNUIPVR,BURVDUZNZUUZFOLOLPFU,20190627140533,002,000,VLL
ZFOZIRVNU,BNUUZNOOUIIPF,20190627140533,002,000,ION
ZIIRUONFO,BNFVZNNFFLPUU,20190627140532,002,000,ION
ZNPLPURON,BNFVZNROFVIUV,20190627140532,002,000,ION
INNRVLZVZLR,BNFVZNNIUPUNN,20190627140531,002,000,IN
ZVRRULVFF,BNFVZNNFFLPUU,20190627140531,002,000,ION
ZNPVFPIVO,BNFVZNRRRUPUF,20190627140530,002,000,ION
ZNLINUULP,BNFVZVFPUIOOU,20190627140530,002,000,ION
LLNFNVLPPUOU,BNFVZNNIUFVOI,20190627140530,002,000,LL
LLROOLLLOOZI,BNFVZNNIURUIP,20190627140529,002,000,LL
IIFRRZINOZF,BNFVZNNIURFPI,20190627140528,002,000,II
VNNLOLUUU,BNUUZNLFLINIL,20190627140528,002,000,ION
LURVRFZVUOP,BNFVZVUNOIVFU,20190627140527,002,000,LU
IIFIROPVLZP,BNFVZNIPFVNZV,20190627140527,002,000,II
ZNRNPFZNL,BNFVZVOZFPVPP,20190627140527,002,000,ION
IIFRPFILNUR,BNFVZNIZUFVNP,20190627140526,002,000,II
ZILILNZRL,BNUUZNLRRUPFL,20190627140526,002,000,ION
VVVVUNFRUII,BURVDUZNZUUZFVUNLLIZ,20190627140525,002,000,VVV
ILFZRPVZORU,BNFVZNNIUFIZL,20190627140525,002,000,IL
ZIINLNNZP,BNUUZNLVPUZZP,20190627140525,002,000,ION
ZIOIZPFIU,BNFVZFOLRFPOU,20190627140524,002,000,ION
ZNRRZFFOO,BNFVZNRPFPIFN,20190627140524,002,000,ION
NLNFIUNRFUR,BNFVZNNIUPZUI,20190627140523,002,000,NLNF
IIIPULLLIUP,BNFVZNNIULIRO,20190627140523,002,000,II
IOIPRNVUPUIP,BNFVZFURNFLPP,20190627140523,002,000,IOI
VNUIVZOFL,BNUUDUZNVLOVOVINLOFL,20190627140522,002,000,ION
ZVUNUZULP,BURVZVUNURIPL,20190627140521,002,000,ION
VNUUNFUUN,BNUUZNVIZUFFF,20190627140521,002,000,ION
ZNLRRIIIV,BURVZNIVFUFFR,20190627140520,002,000,ION
IVVRILLOFN,BURVVFVUZFUUI,20190627140520,002,000,IV
ZIULOFZIZ,BNFVZNNURVLLP,20190627140520,002,000,ION
ZVUVPOFUR,BNFVZVUNLFRUI,20190627140519,002,000,ION
ZNZFUVRFI,BNFVZFVZZVLZU,20190627140519,002,000,ION
ZIIUIRZON,BNFVZNFZNNZPI,20190627140518,002,000,ION
ILZOZPRPZUL,BNFVZNNIUFZLN,20190627140518,002,000,IL
ZNRRFPNII,BNFVFUZNUZILOZO,20190627140517,002,000,ION
IIFONVFFOLF,BNFVZNNIUOOVV,20190627140517,002,000,II
OONNIOVNLPFU,BNFVZNFPNLPZL,20190627140516,002,000,OO
ZNZUOZNRR,BNFVZNUUULRPI,20190627140516,002,000,ION
LIFPUNIONFRO,BURVZNNIUPPON,20190627140515,002,000,LI
LVUFUPIVPRNU,BNFVZFUZNFLFP,20190627140515,002,000,LVU
IIFIPNZPRFN,BNFVZNPRNPZVN,20190627140515,002,000,II
VILOVNURZ,BNUUZNFFUIPUO,20190627140514,002,000,ION
ZNZOLFFPO,BURVZNVIORRNU,20190627140514,002,000,ION
IIFVVPUZLIU,BNFVZNOFURRLU,20190627140513,002,000,II
ILFINRINRZN,BURVZNPUVLPVI,20190627140513,002,000,IL
VPVVLLUUU,BNUUZNORFOULI,20190627140513,002,000,ION
ZFOZIRVNU,BNUUZNUUIFZFR,20190627140513,002,000,ION
ZFOZIRVNU,BNUUZNZPFRINU,20190627140513,002,000,ION
IIFVLILILZZ,BNFVZNLIFOFUL,20190627140512,002,000,II
IZILPRFNLNFU,BNFVZNNIULIVV,20190627140512,002,000,IZ
ZNRPNINLP,BNFVZNIRRVPPL,20190627140511,002,000,ION
LLROVNFROFFO,BNFVZNUVUPPZP,20190627140510,002,000,LL
IOIPRZRNRPNU,BNFVZFUFNOOOV,20190627140510,002,000,IOI
IUUOUFVVF,BNFVZNIILZROL,20190627140509,002,000,ION
ZNUNLLINF,BNFVZNNFFLPUU,20190627140509,002,000,ION
IIROPNPNZNV,BURVDUZNZUUZVRIIONVF,20190627140508,002,000,II
ILFOVOUZLNR,BURVDUZNZUUZFVOILPFV,20190627140508,002,000,IL
IUPPURPVP,BNFVZNNNLNNNO,20190627140507,002,000,ION
VNNVILPLN,BNUUZNUPNZIZU,20190627140507,002,000,ION
IIVOIRPPVUU,BNFVZNRIPPNVU,20190627140506,002,000,II
ZNIZNZPFI,BNFVZNLPNFUPI,20190627140506,002,000,ION
ZNLFNFPPN,BURVZNZUVFNOZ,20190627140506,002,000,ION
VIPUUFUUN,BNUUZNRFFPILV,20190627140505,002,000,ION
ZNIZNFFRU,BNFVZNRLPPFLF,20190627140505,002,000,ION
ZNLVFORFV,BNFVZNLVLLZVN,20190627140504,002,000,ION
LURFZOVRRNO,BURVZVUULOIIR,20190627140504,002,000,LU
ZIVPRVFNF,BURVZNLVUOZLF,20190627140504,002,000,ION
LZNRRUZFVIVF,BNFVZFLVVVZIP,20190627140503,002,000,LZ
VOIPUZUIU,BURVDUZNZUUZFLUNLUNN,20190627140503,002,000,ION
VNUIVRRLL,BNUUZNLFVUPRV,20190627140503,002,000,ION
LPVVIVFFFUU,BURVDUZNZUUZIPOFINUL,20190627140502,002,000,LP
IIFNFURLVIU,BNFVZNZLNVNIO,20190627140502,002,000,II
IUPPUZOFU,BURVZNRLVVLPZ,20190627140501,002,000,ION
ILFVZULVFFV,BNFVZNIZUOPPL,20190627140501,002,000,IL
VNLPIPIRI,BNUUDUZNVLOVNINNVVVU,20190627140501,002,000,ION
ZNRPZFPNU,BNFVZNPOIVVOU,20190627140500,002,000,ION
ZNULZLIVP,BNFVZNNFFLPUU,20190627140500,002,000,ION
ZFOZIRVNU,BNUUZNIUPRURZ,20190627140500,002,000,ION
ZFOZIRVNU,BNUUZNFOLVLNP,20190627140500,002,000,ION
VNUIVZOFL,BNUUZNIIIFNNO,20190627140459,002,000,ION
OONNZZPVRZNPP,BNFVZFFPNUPOV,20190627140459,002,000,OO
VNNZIZZUU,BURVZNNIUZNPO,20190627140459,002,000,ION
ILFFNZIORVN,BNFVZNPOPVRRN,20190627140458,002,000,IL
LLNLPIVPNUUU,BNFVZNNPINNLO,20190627140458,002,000,LL
VVZLIOPOU,BNFVZNIUVUFPN,20190627140457,002,000,ION
OIOFZOLVVF,BURVDUZNZUUZIOFILOLP,20190627140457,002,000,OI
ZNVPIZPOL,BNFVZNNFFLPUU,20190627140457,002,000,ION
ILFPPINUULN,BNFVZNZZOVINR,20190627140456,002,000,IL
ZFOZIRVNU,BNUUZNZZLLVOZ,20190627140456,002,000,ION
LZNRVNUPZLUU,BNFVZNNIULFRN,20190627140456,002,000,LZ
LLNPRVVNPUUR,BURVZNIPPRUUU,20190627140456,002,000,LL
ZFOZIRVNU,BNUUZNZLOFZNF,20190627140456,002,000,ION
ILFZVLIVIUF,BNFVZNNIUOLFP,20190627140455,002,000,IL
IUPPURPVP,BNFVZNZPPPLFV,20190627140455,002,000,ION
IVLPRVLFONF,BURVZNNIUZZON,20190627140455,002,000,IV
LLNPLVROLVNF,BNFVZFURNLLFR,20190627140454,002,000,LL
IIFFULURURL,BNFVZNNIURZLU,20190627140454,002,000,II
ILZFOOZVPVV,BNFVZNIPVFORN,20190627140453,002,000,IL
IRUFPFNZRLF,BNFVZNNIUPLVF,20190627140452,002,000,IRU
IIFFNPZPOFV,BNFVZNLLRLZZR,20190627140451,002,000,II
LZVINNIZRLZLL,BNFVZNPORRONZ,20190627140451,002,000,LZ
IUPPUOFUZ,BNFVZVULILLOI,20190627140451,002,000,ION
LLNVVOFIRNIL,BNFVZNVNLFVFI,20190627140450,002,000,LL
ZNVVFORNZ,BNFVZNNIUZZLV,20190627140450,002,000,ION
ZILOLNLII,BURVZNNIUOFRV,20190627140450,002,000,ION
LLRRRLLULOIL,BNFVZNLIRUVFO,20190627140449,002,000,LL
ZNUUIOVFL,BNFVZFZPUZOLO,20190627140449,002,000,ION
IIFUZFPILUN,BNFVZNPNUPPNL,20190627140449,002,000,II
LZPZVUIUUOZUZ,BURVDUZNVLFVVZUFFNNZ,20190627140448,002,000,LZ
VNOZRFRIZ,BNUUDUZNZUUZIZZUUNOL,20190627140448,002,000,ION
VNLPLRIPU,BNUUZNFRPPFNP,20190627140447,002,000,ION
ZIPPOFUNZ,BNFVZNNIURFIP,20190627140447,002,000,ION
VNUINNRVL,BNUUDUZNVLOVNZLIIOZN,20190627140447,002,000,ION
VOOLZURPU,BNFVZNNUFVFRI,20190627140446,002,000,ION
VOVIIUUZU,BURVDUZNVLFVOVIUUPUU,20190627140446,002,000,ION
ZNVOOFRUF,BNFVZFLFVUFVN,20190627140445,002,000,ION
ILFLVLNVUNU,BURVZVUUIVVRV,20190627140445,002,000,IL
VLLPIRVVV,BNUUDUZNVLOVLLPUVIOR,20190627140444,002,000,ION
IOVFFNVNNVLN,BNFVZNNIUFNRI,20190627140444,002,000,IOV
LLRZOFVLONPU,BNFVZNNIUZOVR,20190627140444,002,000,LL
ZNVRIVOOP,BNFVZNVRIVIII,20190627140443,002,000,ION
LZNRVZZIRNLL,BNFVZNNIUZZNO,20190627140443,002,000,LZ
ZNVZFIRVL,BNFVZNLPRPUPV,20190627140442,002,000,ION
IIOOZULVVVU,BNFVZNNIULNNU,20190627140442,002,000,II
VNNVNNRZO,BURVDUZNZUUZIFVFVVNI,20190627140441,002,000,ION
IIFRLVFVFLR,BNFVZNNFFLPUU,20190627140441,002,000,II
ZFOZIRVNU,BNUUZNLLLOUNV,20190627140441,002,000,ION
IUPPUIOOU,BURVDUZNVLFVVZLUZLUU,20190627140440,002,000,ION
LLRRVOPPIFFV,BNFVZNNIUOFIO,20190627140440,002,000,LL
LVURRRNIPVPL,BNFVZNURPOUPV,20190627140440,002,000,LVU
LLRONNFOFIRO,BURVZNUOUPRLV,20190627140439,002,000,LL
ZFOZIRVNU,BNUUZNVNRZIII,20190627140439,002,000,ION
ZFZFZNIVF,BURVDUZNZUUZFFVOFNZR,20190627140438,002,000,ION
ZIFPPPFRZ,BURVZNNZPRIUP,20190627140438,002,000,ION
LLRRNZRZVVLV,BNFVZFURNINZF,20190627140437,002,000,LL
ILFONPNVLVL,BNFVZNNIUPNZN,20190627140437,002,000,IL
NPOOIIUPFOI,BNFVZNFNLVILU,20190627140436,002,000,NPOO
ILZNNIINZRP,BURVZNVLNFLZP,20190627140436,002,000,IL
IIFNUVPULPI,BNFVZVUNLPLLZ,20190627140435,002,000,II
VRVVUNVUI,BNUUZNZVORNFZ,20190627140435,002,000,ION
RZUIIFIRFPR,BURVZNNIUOIIV,20190627140434,002,000,R
VNNZIZZUU,BURVZNNIUOLNZ,20190627140434,002,000,ION
LURLIZIUVZI,BURVZNNIUZOPU,20190627140434,002,000,LU
LURLIZIUVZI,BURVZNNIUZOPU,20190627140434,002,000,LU
ZVOPZZRPN,BNFVZNOVOLNNN,20190627140433,002,000,ION
ILZNNLIPFPV,BURVDUZNZUUZFLRUPNVU,20190627140432,002,000,IL
LPLVVPPFZOV,BURVVNUZFPUNP,20190627140432,002,000,LP
ILFUZUFIVVI,BNFVZNNIUFOUR,20190627140431,002,000,IL
ZIVLOVLFF,BNFVZNRZOIUIU,20190627140431,002,000,ION
OONNVIPPRNUU,BNFVZNNIUZNZL,20190627140431,002,000,OO
LURLIZIUVZI,BURVZNNIUZOPU,20190627140430,002,000,LU
VNLPIPIRI,BNUUDUZNVLOVNINNVPUU,20190627140430,002,000,ION
LURLLOFVPOP,BURVDUZNVLOVOORILLPN,20190627140429,002,000,LU
ZNZRRILVF,BNFVZNNFFLPUU,20190627140429,002,000,ION
VFOZZNLNPNIP,BNFVZNVOZVFIV,20190627140429,002,000,VFO
VNNLOLUUU,BNUUZNVPZONPR,20190627140428,002,000,ION
ZIPVFIPRF,BNFVZNPLOVRVV,20190627140428,002,000,ION
VNNLOLUUU,BNUUZNUOROFRO,20190627140428,002,000,ION
NLNOFOOUULO,BURVDUZNZUUZIULZPZRF,20190627140427,002,000,NLNO
ZFOZIRVNU,BNUUZNOVRRFFO,20190627140427,002,000,ION
ZFOZIRVNU,BNUUZNZVZZVFF,20190627140427,002,000,ION
ZNFVZVNLI,BURVDUZNZUUZFOVNFOZO,20190627140426,002,000,ION
ZNZUZRRRV,BNFVZNZNZIOON,20190627140426,002,000,ION
ZILILNZRL,BNUUZNPPNRURI,20190627140426,002,000,ION
ZNFOVULRP,BNFVZNPRPZNOZ,20190627140425,002,000,ION
IVVIFVZRNV,BURVDUZNVLFVVOURLUUZ,20190627140425,002,000,IV
ZFOZIRVNU,BNUUZNRZLOORF,20190627140424,002,000,ION
ZILNOULIR,BURVDUZNZUUZIZIORLPV,20190627140424,002,000,ION
ZFOZIRVNU,BNUUZNRLPINVN,20190627140424,002,000,ION
ZFOLOLPFU,BNFVZVRVFRIZU,20190627140423,002,000,ION
LZNOROPROVINI,BNFVZVVUVPZZF,20190627140423,002,000,LZ
ILRNRUFFPPN,BNFVZNNIUPFIV,20190627140422,002,000,IL
LVURROFONVIL,BNFVZFIIFFFLL,20190627140422,002,000,LVU
VOOVLUVLU,BNUUZNLIVIRLF,20190627140421,002,000,ION
VNNZIZZUU,BURVZNNIUOPZI,20190627140421,002,000,ION
LLNFNLUPRFZU,BNFVZNUZNNURN,20190627140420,002,000,LL
LLRRVNRVIVOL,BNFVZFURIRNNR,20190627140420,002,000,LL
ZNFFFPRIL,BNFVZNNFFLPUU,20190627140419,002,000,ION
LURLIZIUVZI,BURVZNNIUZOPU,20190627140419,002,000,LU
IOIPRRNUIVVR,BNFVZNNIUROLO,20190627140418,002,000,IOI
,BURVDUZNZUUZIZIZOOOL,20190627140418,002,006,UNKNOWN
LLRZFFIFPRRL,BURVDUZNZUUZVOPPURON,20190627140418,002,000,LL
ZVLLPZNUR,BNFVZFUNVZVUL,20190627140417,002,000,ION
VNUINNRVL,BNUUZNPIVLOPZ,20190627140417,002,000,ION
ZNLZOVPUZ,BNFVZNRFOROVR,20190627140416,002,000,ION
ILZPFFIZIFU,BNFVZNFLPLPRV,20190627140416,002,000,IL
VNNZIZZUU,BURVZNNIUZIVN,20190627140416,002,000,ION
ZNRINRPON,BNFVZNFONOUVI,20190627140415,002,000,ION
ZFOZIRVNU,BNUUZNRUUZRLZ,20190627140415,002,000,ION
LLRRZNRZOIFP,BNFVZNOORURFR,20190627140414,002,000,LL
ZNPNNVRIP,BNFVZNNIUZFNN,20190627140414,002,000,ION
ZNIFRUZNO,BNFVZNIFZZVLL,20190627140413,002,000,ION
ZNURZZPUU,BURVZNLRNOOFL,20190627140412,002,000,ION
ZNRFLZNPL,BURVZNRRPLZOZ,20190627140412,002,000,ION
ZFOZIRVNU,BNUUZNIZLZPLL,20190627140412,002,000,ION
ZFOZIRVNU,BNUUZNFZNVLIP,20190627140412,002,000,ION
LZNRFUVVROIR,BNFVZNVZUONUI,20190627140412,002,000,LZ
RZVNPOZNRUN,BURVZNNIUZRNR,20190627140411,002,000,R
OONNZROPLVUUF,BNFVZFURNRRUZ,20190627140411,002,000,OO
IZIVRIIFFFVI,BNFVZNNIUPFZO,20190627140410,002,000,IZ
VOVRUNUIV,BNUUZNUNUPOFP,20190627140410,002,000,ION
LLNINONFVZOL,BNFVZFURNPVRO,20190627140410,002,000,LL
IIRONLUPPOP,BNFVZVUVOZUVI,20190627140409,002,000,II
IUPPNIIUZ,BNFVZVUVVULOZ,20190627140409,002,000,ION
IVLRLPORUPZ,BNFVZNUULNRNU,20190627140408,002,000,IV
IULOUIPNN,BNUUZVUNUOIZN,20190627140408,002,000,ION
ZIPUNOUVN,BURVZNPZZFFRR,20190627140407,002,000,ION
VNVFFNLVFLVI,BNFVZFIUNFRFO,20190627140407,002,000,VNV
ZNFOUPOZI,BNFVZNOLOIIPL,20190627140406,002,000,ION
VNUIVILPI,BNUUZNUPPVFRR,20190627140406,002,000,ION
LLRRZOILVVRZ,BNFVZNNIUFIOO,20190627140405,002,000,LL
LLRPLUIFPLUL,BURVZNNOZUVFI,20190627140405,002,000,LL
ILFFVZZUZNN,BURVZNNIUZUOO,20190627140404,002,000,IL
LNRPPIFLPVZ,BURVDUZNZUUZIPZNUIZL,20190627140404,002,000,LN
ZNVNUOLNR,BNFVZNIVNUZIF,20190627140404,002,000,ION
IOIPFFUUVNRU,BNFVZNNIUOLNU,20190627140403,002,000,IOI
ZNVZVUNOF,BURVZNFIRZVFO,20190627140403,002,000,ION
VNNVVFLUU,BNUUZNFFVFRZN,20190627140403,002,000,ION
LLVUROURORFP,BURVDUZNVLOVVRIINUUU,20190627140402,002,000,LL
LZFZORUVFV,BNFVZNNIUZLRP,20190627140402,002,000,LZ
ZNPOVFIFU,BNFVZFVRNOVIN,20190627140401,002,000,ION
INVUVFVOZNU,BNFVZNNPIVPOL,20190627140401,002,000,IN
VNNVNNRZO,BURVZNPFVRLPV,20190627140401,002,000,ION
ILFFINZFFZF,BNFVZNROUZZFI,20190627140400,002,000,IL
VNUPIVZFU,BNUUDUZNVLOVNZLNLPUI,20190627140400,002,000,ION
IVLPZPFPFZN,BURVZNNIUPOPI,20190627140400,002,000,IV
ZNLVVIIFZ,BURVZNLPIIFIO,20190627140359,002,000,ION
LLRRPFVZLNUR,BNFVZNNIUZNRV,20190627140359,002,000,LL
IZUONULVLVRV,BNFVZNNIULORV,20190627140358,002,000,IZ
LVURVIFNPVFL,BNFVZNNIUOPUU,20190627140358,002,000,LVU
VOVRUNUIV,BNUUZNUNUVIPO,20190627140357,002,000,ION
ZNZPLZNFP,BNFVZNFONZNNO,20190627140356,002,000,ION
ZFZRVNUZZ,BNFVZFUZRURUZN,20190627140356,002,000,ION
ZRVOLROOFVUN,BURVZNNIURNZU,20190627140355,002,000,ZRV
VLLZVIFIFZLV,BNFVZNNIUZIUN,20190627140355,002,000,VLL
ZFOZIRVNU,BNUUZNIPPNVRZ,20190627140355,002,000,ION
ZFOZIRVNU,BNUUZNULVFZZP,20190627140355,002,000,ION
NLILZNRUVNR,BNFVZNNIUPORU,20190627140355,002,000,NLIL
ILFPFULZIFV,BNFVZNZPNPNVU,20190627140354,002,000,IL
LLNLPVVVLFLL,BNFVZNNIUPRFI,20190627140354,002,000,LL
VNILURLPUU,BNFVZFZVNLVNU,20190627140353,002,000,VNI
VNNVVFRON,BNUUDUZNZUUZFNPZVPFO,20190627140353,002,000,ION
ILFZPNFONLV,BNFVZNNIUFORZ,20190627140353,002,000,IL
ILFLVLFLIOU,BURVDUZNZUUZIPLORPZL,20190627140352,002,000,IL
IPOZZOIPZIFL,BNFVZNNIUZNIN,20190627140352,002,000,IPO
ZNFZLNFPI,BNFVZNVUZPVPN,20190627140351,002,000,ION
LLVUIONLOFZV,BNFVZNFZVIVLO,20190627140351,002,000,LL
ZFOZIRVNU,BNUUZNFFFVORF,20190627140351,002,000,ION
ZFOZIRVNU,BNUUZNPNFPIOO,20190627140351,002,000,ION
IOVFVNLIFZRZ,BNFVZNVZRNUZU,20190627140350,002,000,IOV
IUPPURPVP,BNFVZNLRZILON,20190627140350,002,000,ION
ZULLLLOFL,BNFVZNNIUPUUZ,20190627140349,002,000,ION
ZNLZNOURR,BNFVZNNFFLPUU,20190627140348,002,000,ION
ILFFVZZUZNN,BURVZNNIUZLRN,20190627140348,002,000,IL
VNUIFZZNI,BNUUZNOUVUOUO,20190627140348,002,000,ION
LLROFVRLOFOO,BURVZNPNZOUOI,20190627140347,002,000,LL
ZIIPOPVVN,BURVZNUURFLPL,20190627140346,002,000,ION
ZFVRPOIFP,BNFVZNNZOVFVL,20190627140345,002,000,ION
ZNNNPUROF,BNFVZNLVUUZRP,20190627140345,002,000,ION
IINRIROZZRL,BNFVZNRIIIIPR,20190627140345,002,000,II
VNNLOLUUU,BNUUDUZNZUUZIZVFZUUP,20190627140344,002,000,ION
VNUIVNVII,BNUUZNPPNUPIV,20190627140344,002,000,ION
IUPPURPVP,BNFVZNIIVIOIV,20190627140344,002,000,ION
INVUVFVOZNU,BURVZNIIPNLOL,20190627140343,002,000,IN
ZFOZIRVNU,BNUUZNLOIUPPN,20190627140343,002,000,ION
ZFOZIRVNU,BNUUZNPPPVIVR,20190627140343,002,000,ION
IIFPLUZIVZL,BURVDUZNZUUZFLUNLFLL,20190627140342,002,000,II
ZNFVLFVLF,BNFVZNRFIUVZL,20190627140342,002,000,ION
LLPLIPLZOLOZ,BNFVZFUZNFRPN,20190627140342,002,000,LL
ZIFURIFPI,BNFVZNZLVUULF,20190627140342,002,000,ION
LVNZULUZLVRR,BNFVZNUZORVNV,20190627140341,002,000,LVN
LIFFUNUIZFUF,BNFVZNOZONFOP,20190627140341,002,000,LI
ZINLPUILZ,BNFVZNPZVUIFO,20190627140340,002,000,ION
VOVRUNUNR,BNUUDUZNZUUZIZFVLZOO,20190627140340,002,000,ION
ZNLUFUZIL,BNFVZNLRRRIVL,20190627140340,002,000,ION
ZNPNLOOZI,BNFVZVUNIZPUN,20190627140339,002,000,ION
IINPIPRVPVZ,BNFVZNPFIUNUL,20190627140339,002,000,II
LUROFOROZZN,BURVZVUIZNUZR,20190627140339,002,000,LU
IZUIIVLVOLPO,BNFVZNRIUIIRO,20190627140339,002,000,IZ
ZNFRZRIPL,BNFVZNVRRNLIO,20190627140338,002,000,ION
OOIPZZNIIVROL,BNFVZNNIULZLR,20190627140338,002,000,OO
VNUIUPIOP,BNUUZNINONULV,20190627140338,002,000,ION
ILFZRVPLFRF,BNFVZNNIURIUO,20190627140337,002,000,IL
ZNOUZOIRO,BNFVZNFOPIVVZ,20190627140337,002,000,ION
LNRZPFUPRLL,BURVZNNPLVIVV,20190627140336,002,000,LN
VOVRUNUIV,BNUUZNUUPNRUP,20190627140336,002,000,ION
LZNONVZLUOIIU,BNFVZNLLIVPIU,20190627140335,002,000,LZ
VNUIULPNR,BNUUZNNPLNUUU,20190627140335,002,000,ION
ZNIZVNOVP,BURVZNNPLRRFO,20190627140335,002,000,ION
ZFFZFINON,BURVZNINVVVLL,20190627140334,002,000,ION
IOVFZNNIRVOV,BURVZNVVPNNNI,20190627140334,002,000,IOV
VNUUNFUUI,BNUUZNIFPNOOO,20190627140334,002,000,ION
IPONFVRNPUF,BURVDUZNVLOVOFVPRLPL,20190627140333,002,000,IPO
ZFOVZRZVP,BURVZNPOFVORI,20190627140333,002,000,ION
ZNVRNOIFL,BNFVZNIFOULLI,20190627140332,002,000,ION
VNUIIRPPI,BNUUDUZNZUUZIZOPUORN,20190627140332,002,000,ION
ZRRZPLFRUUZUV,BURVZVUIONVZR,20190627140332,002,000,ZRR
ZILPUONUP,BNFVZNZFZFPVU,20190627140331,002,000,ION
ZNLZZOVOL,BNFVZNOLLRRON,20190627140331,002,000,ION
LLVUIONLPZPU,BURVZNIIOVOFU,20190627140330,002,000,LL
ZFOZIRVNU,BNUUZNILVRRPF,20190627140330,002,000,ION
LPVVLPIOIRU,BURVDUZNZUUZVRUIPVZF,20190627140329,002,000,LP
ZNZNOZPUF,BURVZNILPZNUN,20190627140329,002,000,ION
IOIPRFLVZPFO,BNFVZNNIUPZOP,20190627140329,002,000,IOI
ZNZNUONRV,BNFVZNRUPFUOP,20190627140328,002,000,ION
ZNRUZVPZZ,BNFVZNLVLLLOF,20190627140328,002,000,ION
ZFOZIRVNU,BNUUZNOUOVZIO,20190627140328,002,000,ION
ZFOZIRVNU,BNUUZNOUOLPVI,20190627140328,002,000,ION
ZFOZIRVNU,BNUUZNRIFZVRF,20190627140328,002,000,ION
LLRORPOIZIZO,BNFVZFOFNLZRR,20190627140327,002,000,LL
LLVUIONZPLIN,BURVDUZNZUUZVUNZZIZP,20190627140327,002,000,LL
IILZIVRNUUL,BNFVZNFRRVRIV,20190627140326,002,000,II
ZFOZIRVNU,BNUUZNRRFZFZZ,20190627140326,002,000,ION
ZNUUINVVO,BNFVZNUNOZVRI,20190627140325,002,000,ION
ZILNOIILO,BURVZNINONLIO,20190627140325,002,000,ION
LZFPNFLPPPV,BNFVZNNIURFII,20190627140325,002,000,LZ
LZNONVOIORFUP,BNFVZNNIUPUNL,20190627140324,002,000,LZ
LZNONVOIORFUP,BNFVZNNIUZFUN,20190627140324,002,000,LZ
ZNRRZFFOO,BNFVZNRPFPIFN,20190627140323,002,000,ION
LZNFVZIFIZOZ,BNFVZNNIUFVZV,20190627140323,002,000,LZ
IIFUIOUOUZL,BNFVZNNIULNFV,20190627140322,002,000,II
ZILOIUONV,BNUUZNIOLIFVF,20190627140322,002,000,ION
VNNLOLUUU,BNUUZNRVLULPZ,20190627140321,002,000,ION
ILNUUL,BNFVZNNIUFPUO,20190627140321,002,000,ION
IULOUIIOL,BNUUZNPFLPLLP,20190627140321,002,000,ION
LLRZNRPVVZLR,BNFVZNNIULVOZ,20190627140320,002,000,LL
ZNINZVPNI,BNFVZNIUIPFRU,20190627140320,002,000,ION
IIFNFOOFFOI,BNFVZNRLRONNR,20190627140320,002,000,II
IUPPUOFUZ,BNFVZNOILNLIF,20190627140319,002,000,ION
ILFIVORFOPN,BNFVZVUVORPUN,20190627140318,002,000,IL
IZUFOFOOPFPL,BNFVZNNIUZVUZ,20190627140317,002,000,IZ
LLRZVUVNVIIP,BNFVZNNIUFIZV,20190627140317,002,000,LL
ZFUNOUOLZ,BNFVZNIOFRRVZ,20190627140317,002,000,ION
ILFUZPOURZP,BNFVZNNIULNZR,20190627140316,002,000,IL
VNPPNRVUU,BNUUZNZIULONU,20190627140316,002,000,ION
IUFZLIZRINFF,BNFVZNNFFLPUU,20190627140316,002,000,IU
ZNUONOLIL,BNFVZNNZZZVPP,20190627140315,002,000,ION
ILZFUNIIUFL,BURVZNZVNRRUF,20190627140315,002,000,IL
IILRFVONIIP,BNFVZNZPLOULO,20190627140315,002,000,II
IUPPUFUIP,BURVDUZNVLFVVIROVNLV,20190627140314,002,000,ION
VNULVNVNI,BNUUZNZVNNILL,20190627140314,002,000,ION
LLVURPRRPIFP,BNFVZFOIPNFVO,20190627140313,002,000,LL
ZNPOFFVVP,BNFVZNILNNLFI,20190627140313,002,000,ION
VNUIULPNR,BNUUZNFRRUORO,20190627140313,002,000,ION
LLNFNPIZIIZZ,BNFVZNNFFLPUU,20190627140312,002,000,LL
ZNLVLPOOU,BNFVZFIUPUOII,20190627140312,002,000,ION
ILFRLUZVPPN,BURVDUZNZUUZIVULUFUV,20190627140312,002,000,IL
ILZNLZFVLUP,BNFVZNVZOVUZV,20190627140312,002,000,IL
ILFRUZOPFRV,BNFVZFLVLINLU,20190627140311,002,000,IL
ZNRFFVLRO,BNFVZNRNFFFRL,20190627140310,002,000,ION
ZNIZIUVUR,BNFVZFVRVLFUO,20190627140310,002,000,ION
ZIINLNNZP,BNUUZNPPUPNIO,20190627140310,002,000,ION
ZFFPVRIVZ,BNFVZNNFFLPUU,20190627140309,002,000,ION
ILFUOZPFVPN,BNFVZFURNIPPR,20190627140309,002,000,IL
ZFOZIRVNU,BNUUZNRZURIOL,20190627140309,002,000,ION
ZFOZIRVNU,BNUUZNFUFVFVU,20190627140309,002,000,ION
INFNNZFOPVO,BNFVZNNIUFIVF,20190627140309,002,000,IN
ZNFZZVZNP,BNFVZNPUFZULL,20190627140308,002,000,ION
ZNZRPZUPO,BNFVZNROFURIZ,20190627140308,002,000,ION
ZNOIFOVOR,BNFVZNRNPONUO,20190627140307,002,000,ION
VNUILLPUN,BNUUZNZZOIVPV,20190627140307,002,000,ION
LVUOPNPOVZRF,BNFVZNNIURNFI,20190627140306,002,000,LVU
ZNVUZPVPN,BNFVZNNFFLPUU,20190627140306,002,000,ION
LLVZVUINIRUU,BNFVZFURNIOLF,20190627140305,002,000,LL
LLRZFUZZNUNF,BNFVZNNIUFPZO,20190627140305,002,000,LL
ZNVPRRRRR,BNFVZNRRLOVRU,20190627140305,002,000,ION
ZNLZNNLRZ,BNFVZNFZOIIOI,20190627140304,002,000,ION
ZNRPVVLVO,BNFVZNZFVZZNR,20190627140304,002,000,ION
VOPPVOLOFIOU,BNFVZNUPVIPII,20190627140304,002,000,VOP
LLRLIPPLLZNR,BURVDUZNZUUZVOFVFOUN,20190627140303,002,000,LL
ZVOPIRNVI,BURVDUZNZUUZIFPFNVFN,20190627140303,002,000,ION
ZIZRZNFNU,BURVDUZNZUUZFIINNOIL,20190627140303,002,000,ION
LURLUVIZZUL,BNFVZNNIUZFVV,20190627140302,002,000,LU
LIFRFFNNVROR,BNFVZNLZVVZRI,20190627140301,002,000,LI
VRNUVLZOUUU,BNFVZNNIUPIZL,20190627140301,002,000,VR
IIFVNNVNUNU,BURVDUZNZUUZFOLPPPZF,20190627140300,002,000,II
IUPPURPVP,BNFVZNFVRVLRZ,20190627140300,002,000,ION
ILFLIVIOPIU,BURVDUZNZUUZFIFLFRVO,20190627140300,002,000,IL
VNUIVUOVI,BNUUZNPPNRVOO,20190627140300,002,000,ION
IIFNONFLVRP,BNFVZNNIUFLPZ,20190627140259,002,000,II
IUPPURPVP,BNFVZNPROILFP,20190627140259,002,000,ION
ILFFVZZUZNN,BURVZNNIUOONV,20190627140259,002,000,IL
NVURVFFFPRL,BNFVZNNIUOIPI,20190627140258,002,000,NVUR
ILNUUL,BNFVZNNIUFPUO,20190627140258,002,000,ION
IIFOULONRNL,BNFVZNVNUONVN,20190627140257,002,000,II
IOVFFNFVUIUV,BURVZNPOVNVVF,20190627140257,002,000,IOV
LNRZFVOPZNR,BURVZNLNZPOIR,20190627140257,002,000,LN
ILFLRRRLLVP,BNFVZNNIURUOL,20190627140256,002,000,IL
ZNVFZRNVP,BNFVZNNFFLPUU,20190627140256,002,000,ION
IULOUIPNF,BNUUZVUOIORUN,20190627140255,002,000,ION
LZNONFFNZVFVR,BNFVZNUNUPVVR,20190627140254,002,000,LZ
NVUNFOLVPVZ,BNFVZNNIUPZPL,20190627140254,002,000,NVUN
LLRRFFOUINLN,BNFVZNNIUROVR,20190627140253,002,000,LL
ZFOZIRVNU,BNUUZNPOUZZVO,20190627140253,002,000,ION
LZNRRNIIFLNZ,BNFVZNLRNPZPU,20190627140253,002,000,LZ
LZNRFIVNPIIOR,BNFVZNNIURPFO,20190627140252,002,000,LZ
OZFFZFVORPZZ,BNFVZNNIUFNVL,20190627140252,002,000,OZF
ZFOZIRVNU,BNUUZNRFRRPVR,20190627140252,002,000,ION
ZFOZIRVNU,BNUUZNUZLINPN,20190627140252,002,000,ION
ZFZPUIRNZ,BNFVZNNFPVUVU,20190627140251,002,000,ION
ZFOZIRVNU,BNUUZNPURPZVP,20190627140251,002,000,ION
INVURNULZZU,BURVZNUZRFUOF,20190627140251,002,000,IN
LZNOVOROVUIPU,BNFVZNZZFZNPO,20190627140250,002,000,LZ
LLRPULFIOPUL,BNFVZFUZNZZRN,20190627140250,002,000,LL
ZNOIFFILR,BNFVZNVZUFZRO,20190627140249,002,000,ION
VNUIFZZNI,BNUUZNVFVNVOV,20190627140249,002,000,ION
ZFFNVORZO,BNFVZNFFRVPLZ,20190627140248,002,000,ION
ZNFIRZVFO,BURVZNNFFLPUU,20190627140248,002,000,ION
ZNZLLLZRN,BURVDUZNZUUZIZIPUZLZ,20190627140248,002,000,ION
LIFFUNUIZFUF,BNFVZNOZONFOP,20190627140247,002,000,LI
ZNRORPFIN,BNFVZNVPIOPFI,20190627140247,002,000,ION
ZNULVRLOI,BURVZNLLOZNIF,20190627140246,002,000,ION
VNUIVUOVI,BNUUZNRONNOVI,20190627140246,002,000,ION
VIPUUFUUN,BNUUZNPPPRIVU,20190627140246,002,000,ION
ZNFVLVRUF,BNFVZNNFFLPUU,20190627140245,002,000,ION
ZNNPRLPNU,BNFVZNFVFFNVP,20190627140244,002,000,ION
ZNVZUUVNZ,BNFVZNOLRPIRN,20190627140244,002,000,ION
ZIIRUNUIU,BURVDUZNZUUZFNOOUIVP,20190627140244,002,000,ION
IOVFZNOLOLRZ,BURVZNLRZUFNP,20190627140243,002,000,IOV
OONPZZRRRFOIU,BNFVZFURIFLLN,20190627140243,002,000,OO
LLRRNLVUPPLO,BNFVZNPOUNLRL,20190627140243,002,000,LL
VNNLOUILV,BNUUZNVRFOFIR,20190627140242,002,000,ION
LLNZNLIVLZNV,BURVDUZNZUUZVRUIPVZF,20190627140242,002,000,LL
LLRPOOINIVUF,BNFVZFRUVOUUL,20190627140241,002,000,LL
ZFVROFPUF,BURVDUZNZUUZIPRIIOOP,20190627140241,002,000,ION
ILFNPVPNVOL,BNFVZNVOPILOI,20190627140240,002,000,IL
VNUILLPUN,BNUUZNORLIVLU,20190627140240,002,000,ION
IIFLRFNVFNI,BNFVZNPVFPRUP,20190627140239,002,000,II
ZNUVIOFPZ,BNFVZNVLUZNOI,20190627140239,002,000,ION
IIFVVROFOOF,BNFVZNNIUPPNL,20190627140239,002,000,II
LNVVRRLULVI,BNUUZNIRIIPZZ,20190627140238,002,000,LN
ZFOZIRNZR,BNUUZNZZOPZIF,20190627140238,002,000,ION
IVLFRUORIFV,BURVZNNIUFIVZ,20190627140238,002,000,IV
ZFNUNINOI,BNFVZFUZRRVRRN,20190627140237,002,000,ION
VIZLPPLFO,BNUUVIZUZNULP,20190627140237,002,000,ION
ZFOZIRVNU,BNUUZNZRUPLIZ,20190627140237,002,000,ION
ZFOZIRVNU,BNUUZNZLVZUFV,20190627140237,002,000,ION
ZNRUVIZZO,BURVZNRPVVNRF,20190627140236,002,000,ION
LLRPPZLIRIPU,BNFVZNNIUFZVF,20190627140236,002,000,LL
VVLUUFOFR,BURVZNRVZLNOL,20190627140235,002,000,ION
OOLNVNNNIPOV,BNFVZNNIUOIPO,20190627140235,002,000,OO
ZFNFFRRRV,BNFVFUZNPINFFVR,20190627140234,002,000,ION
VNUIIRPPI,BNUUZNRLIPFVL,20190627140234,002,000,ION
ZFOZIRVNU,BNUUZNUFUNPFP,20190627140234,002,000,ION
ZNPFPIRRI,BNFVZNLNNPOZP,20190627140233,002,000,ION
LZNRNVIUVPOP,BURVDUZNZUUZFIURZRVP,20190627140233,002,000,LZ
IILZLLRLPVU,BURVZNNIUPFOR,20190627140233,002,000,II
IOVFZNNIRVOV,BURVZNZOLIRRN,20190627140232,002,000,IOV
ZNLVONNVF,BNFVZNNFFLPUU,20190627140232,002,000,ION
ZNFFRRZZV,BNFVZNLVPRONL,20190627140231,002,000,ION
VNVFNLILRNZO,BNFVZNNIULZPN,20190627140231,002,000,VNV
VNUINFIUL,BNUUZNZUOLFZU,20190627140231,002,000,ION
LNVVIFLULOI,BURVDUZNVLOVIIZLFONI,20190627140230,002,000,LN
ZNRUPZLIV,BNFVZFONFZIOR,20190627140230,002,000,ION
ILFVOFNPUUU,BNFVZNNIULFVZ,20190627140230,002,000,IL
IIFRFRRIORU,BNFVZNRUZRLRZ,20190627140229,002,000,II
ZNIRNOZUI,BNFVZNZUOPPVU,20190627140229,002,000,ION
VNNVVFROU,BURVDUZNVLFVOIPOZIRU,20190627140228,002,000,ION
LZNRFFIPVRVZN,BNFVZNNIURVNF,20190627140228,002,000,LZ
ILFLLOUFOZR,BNFVZNPOPVRRN,20190627140227,002,000,IL
IIFNFLROVNZ,BNFVZNFIILOOF,20190627140227,002,000,II
IIOOFIILVLU,BURVZNNFFLPUU,20190627140226,002,000,II
ZNROPNIUR,BNFVZNLPVFZOI,20190627140226,002,000,ION
VPVLIURNU,BNUUDUZNVLFVNPIFRUNU,20190627140226,002,000,ION
IIFNLNOZOOV,BNFVZNNRZOLZV,20190627140225,002,000,II
ILZONPIIZFL,BNFVZNNIURPRF,20190627140225,002,000,IL
LLNNIPFPULFP,BURVZNVZUNRUP,20190627140224,002,000,LL
LZNRVNORVLIV,BNFVZNPRULRZN,20190627140224,002,000,LZ
LPFUVFONLFV,BURVZNZRUPNIL,20190627140224,002,000,LP
ZFOZIRVNU,BNUUZNPRRZLUI,20190627140224,002,000,ION
ZFOZIRVNU,BNUUZNPOVUVPF,20190627140223,002,000,ION
ZFOZIRVNU,BNUUZNFFRLOVV,20190627140223,002,000,ION
LZOIFNPZUUFVNU,BNFVZNNIUROOO,20190627140223,002,000,LZ
NIUVLVONPUV,BNFVZNNIULOZN,20190627140222,002,000,NIUV
ZNURZIINZ,BNFVZNNFFLPUU,20190627140222,002,000,ION
ZFOZIRVNU,BNUUZNRVIRORN,20190627140222,002,000,ION
PPUNRILFFUIZN,BURVZVUVORUVR,20190627140222,002,000,PPU
IOVFZNVULVOU,BURVVINUVRPRL,20190627140221,002,000,IOV
IOIPRVFLUZVV,BNFVZNNIUFUIV,20190627140221,002,000,IOI
LNVNINLNNNN,BURVZNNFFLPUU,20190627140220,002,000,LN
IUPPULVFF,BNFVZNUIUZPNU,20190627140219,002,000,ION
ZFLFUNPPR,BNFVZFUZRUUVLI,20190627140219,002,000,ION
IOIPOROLVFRN,BNFVZNURPOLRL,20190627140218,002,000,IOI
ZIPUROZUN,BNFVZNNIUFPUI,20190627140218,002,000,ION
LZNOVUZUZRNUO,BNFVZNRIUVNIF,20190627140217,002,000,LZ
IZUFZLOUULRZ,BURVZNLRZNOFU,20190627140216,002,000,IZ
LLRPPZNVIFUN,BURVZNFNLRVFZ,20190627140216,002,000,LL
ZRVOUIUIVUVU,BURVZNNIUFZVL,20190627140216,002,000,ZRV
ILZNFORPLUR,BURVDUZNZUUZIFOPLNPI,20190627140215,002,000,IL
VNNLOLUUU,BNUUZNIFLRLFL,20190627140214,002,000,ION
IRNVIFFROUZ,BNFVZNNIUFPFI,20190627140214,002,000,IRN
LURLFFVNVLO,BNFVZNNFFLPUU,20190627140214,002,000,LU
PUPVUURZV,BURVZNVRIIUFN,20190627140214,002,000,ION
VILNPZOPO,BNUUZNFOIFUNV,20190627140213,002,000,ION
IIFFPZFNLIN,BNFVZNVFZZFFF,20190627140213,002,000,II
LLNNRZIUINUU,BNFVZNNIUPPUZ,20190627140213,002,000,LL
ZNRLFZNPR,BNFVZFULZUIPV,20190627140212,002,000,ION
ZNIINNVOO,BNFVZNNROVPLN,20190627140212,002,000,ION
ZNRPRZFOU,BNFVZNIVLROFO,20190627140211,002,000,ION
ZNRNPFZNL,BNFVZFPOOPFPU,20190627140211,002,000,ION
RZFFNINNLPZ,BURVZNNIUFLPI,20190627140211,002,000,R
ZNPUZVLVI,BNFVZNLRVPOFV,20190627140210,002,000,ION
IUUOUZORR,BURVZVULVPPII,20190627140210,002,000,ION
ZNPIFNZPO,BURVDUZNZUUZFNPNFZUU,20190627140209,002,000,ION
ZFOZIRVNU,BNUUZNVVIIOFF,20190627140209,002,000,ION
ZFOZIRVNU,BNUUZNZNFFPNF,20190627140209,002,000,ION
LLNNLIOVUILU,BNFVZNNIULVUR,20190627140208,002,000,LL
IOVFVNLNNLPU,BNFVZNVPPOZUF,20190627140208,002,000,IOV
ZFFNOVVZF,BURVZNILRNRII,20190627140207,002,000,ION
ZNILPLUZF,BNFVZNIZVLFPV,20190627140206,002,000,ION
ZNRNLUFPL,BNFVZNPUNIPOP,20190627140206,002,000,ION
ZNVFILFIN,BNFVZNUFZOFFN,20190627140206,002,000,ION
VNVFRIIRZLUZ,BNFVZFVUUNVRV,20190627140205,002,000,VNV
IOIPORVNFFLZ,BNFVZNNIULZIU,20190627140205,002,000,IOI
IIFPOLILFRV,BNFVZNFZZIIVU,20190627140204,002,000,II
ZFRVNNLLR,BNFVZNRLLVZPI,20190627140204,002,000,ION
VNUILLPUN,BNUUZNFNLURUU,20190627140204,002,000,ION
ILFVZFUIRNL,BNFVZNORRNLIN,20190627140203,002,000,IL
VNNVNNRZO,BNUUZNVZLZVOZ,20190627140203,002,000,ION
RZVOOVVRZFZ,BURVZNNIUFIUR,20190627140202,002,000,R
VVIIZNRUU,BNUUZNRFPRFVP,20190627140202,002,000,ION
ZFOZIRNZR,BNUUZNURVRNZO,20190627140202,002,000,ION
VNUIVNOUF,BNUUDUZNZUUZFFFVIVPN,20190627140201,002,000,ION
ILFINIVIZNP,BURVZNROILOPI,20190627140200,002,000,IL
ZFLVVROUZ,BURVZNLPNZUNL,20190627140200,002,000,ION
VOVRUNUIV,BNUUZNUOIUIUN,20190627140200,002,000,ION
ILZPFOLVVOU,BURVZNURZOFNR,20190627140159,002,000,IL
ZNPOFVIZI,BNFVZNUFPPRPP,20190627140159,002,000,ION
LLRZVUPIUOUU,BNFVZNNIUFIIP,20190627140159,002,000,LL
VNUINVOIP,BNUUZVUILZROU,20190627140159,002,000,ION
VNUIFZZUV,BNUUZNUNOFUNP,20190627140158,002,000,ION
ZFOZIRVNU,BNUUZNFIZUNFF,20190627140158,002,000,ION
VFVVLUUUU,BNUUDUZNVLFVFVPIZIFU,20190627140158,002,000,ION
ZNUFVUZON,BNFVZNNFFLPUU,20190627140158,002,000,ION
LZNFUZUPULPVO,BURVZNPPIRZOR,20190627140157,002,000,LZ
ZNPZOUZUV,BNFVZNRNLVNLO,20190627140157,002,000,ION
NLUNVULUZVR,BURVDUZNVLFVNINNNVUU,20190627140156,002,000,NLUN
VNUIUPUIO,BNUUZNPOULZNP,20190627140156,002,000,ION
VVUIUZPRN,BNUUZNRRNPVRV,20190627140156,002,000,ION
ZNOZZIPNI,BNFVZNOZZNLRL,20190627140155,002,000,ION
IIFFUORVUVL,BNFVZNNIURNNV,20190627140155,002,000,II
ZFOZIRVNU,BNUUZNZIFLOFF,20190627140155,002,000,ION
ILFOFZVIIFI,BNFVZNNIUPILU,20190627140155,002,000,IL
OOVNZRZFZROLF,BNFVZNNIUPPIU,20190627140154,002,000,OO
IIFOVOFUNIZ,BNFVZNLLZLPIZ,20190627140154,002,000,II
LLVUIVZUPNRR,BURVVNNZOUOUU,20190627140154,002,000,LL
LZNRIFLLIURF,BNFVZNNIUOLNI,20190627140153,002,000,LZ
VNUILIRRO,BNUUZNPNUVPPP,20190627140153,002,000,ION
VOVRUNUIV,BNFVZNNFFLPUU,20190627140152,002,000,ION
OOVNIUZUUVNP,BNFVZNNIUOORV,20190627140152,002,000,OO
VNUIUPUIO,BNUUZNOLRLPLF,20190627140152,002,000,ION
ILFRRLLLLNV,BNFVZNUNLOZLZ,20190627140151,002,000,IL
ZRRZPURLLUPVZ,BNUUZVUUVIZIL,20190627140151,002,000,ZRR
ZVRZPINNR,BURVDUZNZUUZVRFVLZIF,20190627140150,002,000,ION
ZIVLUNZUL,BNUUZNFFPRULV,20190627140150,002,000,ION
NPNIVZNORFO,BNFVZNNIUFOIO,20190627140149,002,000,NPNI
VILIZUUNR,BNUUZNFFFOROU,20190627140149,002,000,ION
LLRPILLOLFZN,BNFVZFIRLPNLO,20190627140149,002,000,LL
ILFVPLFRPVP,BURVZNNIUPLOU,20190627140148,002,000,IL
IULOUIIOZ,BNUUZNZINVNRN,20190627140148,002,000,ION
ZNNOPZIRN,BNFVZNPNLOZZI,20190627140147,002,000,ION
PUPVUURZV,BURVZNVRIIUFN,20190627140147,002,000,ION
ZNZNUULPZ,BNFVFUZNVZOVIFO,20190627140147,002,000,ION
IZILFFRFPLPR,BNFVZNNIURNZL,20190627140146,002,000,IZ
IIFNIFRFNOR,BNFVZNINPPRLI,20190627140146,002,000,II
LZNFVLUNIZNU,BURVZNNIULVIZ,20190627140146,002,000,LZ
ZNIFNIZON,BNFVZNUZPRPNV,20190627140145,002,000,ION
VOVRUNUIV,BNUUZNLZFVZIV,20190627140145,002,000,ION
LNRPFPLNIUZ,BURVZNOVONFVN,20190627140145,002,000,LN
ZNOIPZRRI,BURVDUZNZUUZFVPNOZON,20190627140144,002,000,ION
ZNZIVZUIR,BNFVZNLOFVPUF,20190627140144,002,000,ION
LNVNINLNNNN,BNFVZNNRNZFZF,20190627140143,002,000,LN
VNUIFZZNI,BNUUZNLVIPVPL,20190627140143,002,000,ION
VNUUNFUUI,BNUUZNPRNVZPF,20190627140143,002,000,ION
VOVRUNUIV,BNUUZNFNZRPLV,20190627140142,002,000,ION
VNNLOLUUU,BNUUZNNVIRZLZ,20190627140141,002,000,ION
ZIRFNNOLP,BNFVZNNIULNRV,20190627140141,002,000,ION
VNNLOLUUU,BNUUZNNRFFUVI,20190627140141,002,000,ION
IZIILILULZZR,BNFVZNNIULORV,20190627140141,002,000,IZ
ZFOZIRVNU,BNUUZNFURVOPU,20190627140141,002,000,ION
VOVRUNUNR,BNUUZNFNILUVO,20190627140141,002,000,ION
LNRZIRPFPUP,BURVZNNIUPZRP,20190627140140,002,000,LN
VOPPLORLPZIU,BNFVZNNIUZPZL,20190627140140,002,000,VOP
LLRZNVUZUIFP,BNFVZFURIZFIV,20190627140139,002,000,LL
ZNOVLPNRZ,BNFVZNIFLVRLU,20190627140139,002,000,ION
LZNRFRFIIRUFO,BNFVZNRFLLNFF,20190627140138,002,000,LZ
ZNVFNLORV,BNFVZNPPPUIUV,20190627140138,002,000,ION
ZFOZIRVNU,BNUUZNUNFRVLI,20190627140138,002,000,ION
ZNIZFUPZV,BNFVZVFPFLNOR,20190627140138,002,000,ION
VNNVNNRZO,BNUUZNNPLNZOF,20190627140137,002,000,ION
ZNOVVFVPO,BNFVZNLUVFLNR,20190627140136,002,000,ION
NFLRVUUZNFN,BURVZNNIUFOUU,20190627140136,002,000,NFLR
IOVFVNFFFVZL,BNFVZNLFOIPUO,20190627140136,002,000,IOV
IVLRVPUFOFZ,BURVZNNIUZPVN,20190627140135,002,000,IV
ZVLLRURLR,BNFVZFPVFPROO,20190627140135,002,000,ION
ZNFNIFFFL,BNFVZNLNFOINI,20190627140135,002,000,ION
ZNLIONILP,BNFVZNRFIIZPU,20190627140134,002,000,ION
IUPPURPVP,BNFVZNUIZVLUO,20190627140134,002,000,ION
ZNRLUIRUO,BNFVZNIUZRRZN,20190627140134,002,000,ION
VNNVNNRZO,BURVDUZNVLOVIZZZVUZN,20190627140133,002,000,ION
ILFFOLUOFZP,BNFVZNNIULZNL,20190627140133,002,000,IL
LORNIINPNI,BURVZNLOLLILN,20190627140132,002,000,LO
ILFOLZFVLPP,BURVDUZNZUUZIIUPRNUU,20190627140132,002,000,IL
ZNUNIOLVF,BNFVZNVLFOPPP,20190627140131,002,000,ION
ZNRPNOPRN,BNFVZNZOVONNU,20190627140131,002,000,ION
LLRLOVIRRINL,BNFVZFURIPZVI,20190627140130,002,000,LL
ZNFVVLZLZ,BNFVZNFIZNUZZ,20190627140130,002,000,ION
IOLRFLRZLU,BURVVNNIVFVUO,20190627140129,002,000,IOL
LZNRFRVLPRRLU,BNFVZNLLIVPIU,20190627140129,002,000,LZ
IIFNUPUVRNU,BNFVZNNIUZOFZ,20190627140129,002,000,II
NVNUFUFZLFF,BURVDUZNZUUZFVPFORNR,20190627140128,002,000,NVNU
ZFVZRFIIN,BNFVZNNFFLPUU,20190627140128,002,000,ION
ZNUOPRIFL,BURVZNOLRPIRN,20190627140127,002,000,ION
ILFUIIOIRLO,BNFVZNNIURURR,20190627140127,002,000,IL
ZNFVOZILF,BNFVZNFUZZONP,20190627140126,002,000,ION
IULOUVLRL,BNUUZNFZLFVUF,20190627140126,002,000,ION
IIFOPFRVPRL,BNFVZNNIUOZPI,20190627140125,002,000,II
INVUVFVOZNU,BNFVZNVPUZION,20190627140125,002,000,IN
ZUOLZPNVIZZL,BNFVZNNIURLLN,20190627140124,002,000,ZU
ZVUVIFOOZ,BURVZVUUORUUI,20190627140124,002,000,ION
ZNPOIPOFP,BNFVZFZPOIZVL,20190627140123,002,000,ION
ZFOZIRVNU,BNUUZNLFIOUPR,20190627140123,002,000,ION
VVIVZOIUF,BNFVZNZUIFOOL,20190627140123,002,000,ION
IIFOFRZOURI,BNFVZNFUNRNZR,20190627140122,002,000,II
VLLZVILUULUL,BURVZVUNVVRLP,20190627140122,002,000,VLL
ZNNUPLRLO,BURVZNUOULFUP,20190627140122,002,000,ION
IOVFZNPFIVPO,BNFVZNVFUPFRV,20190627140121,002,000,IOV
ILFOIPONVFV,BNFVZFZUORIIP,20190627140121,002,000,IL
IIFLRNILOIZ,BNFVZNNRRNNFP,20190627140120,002,000,II
ZNROUZVNO,BNFVZNVLOVOPR,20190627140120,002,000,ION
ZNIVNNUOV,BNFVZNRFZONRZ,20190627140119,002,000,ION
VNUIFZZUV,BNUUZNUNOFUNP,20190627140119,002,000,ION
IULOUVLRZ,BNUUZNIIFPPIU,20190627140119,002,000,ION
IIFNIUZOFOV,BURVZNORNLUZV,20190627140118,002,000,II
ZNOLNVLPL,BURVZNNFFLPUU,20190627140118,002,000,ION
VNLNRPVRR,BURVDUZNZUUZFNIUNLVZ,20190627140118,002,000,ION
ZIONUZRVP,BURVZNOPRFZNU,20190627140117,002,000,ION
VNUIIRPPI,BNUUZNZFVIVZN,20190627140117,002,000,ION
IUUUUFVVN,BNUUZNONIFLVU,20190627140117,002,000,ION
ZNLLLNNIL,BNFVZNIVOONNI,20190627140116,002,000,ION
IULOUVUNZ,BNUUZVUNOUZVP,20190627140116,002,000,ION
IFRUFVROZNU,BNFVZNIVLPPOO,20190627140115,002,000,IF
ZNFRPFUFU,BNFVZNVLFZIRI,20190627140115,002,000,ION
ZNIIONUVV,BNFVZNFZUUUVR,20190627140115,002,000,ION
NPOOIIUPFOI,BNFVZNZFRRIFV,20190627140114,002,000,NPOO
ZNFFLINRZ,BNFVZNNIUPLFP,20190627140114,002,000,ION
ZFOZIRVNU,BNUUZNVPZNROU,20190627140114,002,000,ION
LLVURNZRVLVU,BNFVZNNIULOZP,20190627140114,002,000,LL
LLNNIINLRNZL,BURVVNNZOUOUU,20190627140113,002,000,LL
IUPPUNPFN,BNFVZNPVULPLU,20190627140113,002,000,ION
IUPPNNONL,BNFVZNLNRFUUP,20190627140112,002,000,ION
ZINRNVOPZ,BURVZNNIURFVV,20190627140112,002,000,ION
ZNLOZFROI,BNFVZFFFOPFZZ,20190627140112,002,000,ION
LIFFLZVOZFFZ,BNFVZNNIUZPUO,20190627140111,002,000,LI
VNIVINLFO,BNUUZNLINZUIL,20190627140111,002,000,ION
ZNINUINUN,BNFVZNNFFLPUU,20190627140110,002,000,ION
LZRNNFLOPUFZN,BNFVZNZUFNVFO,20190627140110,002,000,LZ
ZFOZIRVNU,BNUUZNVZVORIU,20190627140110,002,000,ION
IZULPNOVLVZN,BNFVZVULIRPPU,20190627140109,002,000,IZ
LLNRUZZNRLLI,BNFVZNNIULNZN,20190627140109,002,000,LL
VLIIUUVUU,BNUUZNZNILOVV,20190627140109,002,000,ION
ZIVLLPFNI,BNFVZNOLRZFVU,20190627140108,002,000,ION
IOVFVNLNPFUI,BURVZNNIUOLIU,20190627140107,002,000,IOV
VLLZLLRUFPRL,BNFVZNFPNRNIU,20190627140107,002,000,VLL
LPLVVPPFZZN,BURVZNIPVLINO,20190627140107,002,000,LP
VNLLPNLUU,BNUUZNFINRORO,20190627140107,002,000,ION
ZFOZIRVNU,BNUUZNFFNZPLN,20190627140107,002,000,ION
ZFOZIRVNU,BNUUZNLFLFVON,20190627140107,002,000,ION
LZNRFRVLPRRLU,BNFVZNLLIVPIU,20190627140106,002,000,LZ
ILFNOUIRZRP,BURVDUZNZUUZIPINNVNZ,20190627140105,002,000,IL
LIFOFVPIRRP,BNFVZNVLOLURU,20190627140105,002,000,LI
VNIVINLFU,BNUUZNFLLUVII,20190627140105,002,000,ION
LZNFIPUVIRLF,BNFVZNIFVVFUU,20190627140104,002,000,LZ
OONNLFRNULZN,BNFVZNNIUOZVF,20190627140103,002,000,OO
ZFOZIRVNU,BNUUZNRZPNPIN,20190627140103,002,000,ION
ZFOZIRVNU,BNUUZNVOIIPVR,20190627140103,002,000,ION
IIFPOZVRVII,BNFVZNNIUOZUP,20190627140102,002,000,II
ZIIZLUUOP,BNUUZNZIVRIOZ,20190627140102,002,000,ION
ZFOZIRVNU,BNUUZNZZILPOZ,20190627140102,002,000,ION
IIFNVZUUVOL,BNFVZNIVLFNUO,20190627140102,002,000,II
ZNILNFFZN,BNFVZNIIOUPZF,20190627140101,002,000,ION
IUPPURFIV,BNFVZNFNOZZPI,20190627140101,002,000,ION
ZNZVRRVVO,BNFVZNINIIIFI,20190627140101,002,000,ION
ILFLUUVFULP,BNFVZNNIULFVZ,20190627140100,002,000,IL
VNUILLPUN,BNUUZNRLPLPLP,20190627140100,002,000,ION
IOINPNPFINF,BNFVZNNIUPOIZ,20190627140059,002,000,IOI
ZNRUUNIFV,BNFVZNOZLPPFI,20190627140058,002,000,ION
VOOVLUVLU,BNUUZNFRZNPVV,20190627140058,002,000,ION
VNUIILLNI,BNUUVOIUZVOUU,20190627140058,002,000,ION
LZNROULVLZZL,BNFVZNRPFONFV,20190627140057,002,000,LZ
ZRRZPULRNVIIZ,BNUUZVUIPFVRN,20190627140057,002,000,ZRR
VFVNIZUUO,BNUUZNULZFZVN,20190627140056,002,000,ION
VNUIVNVII,BNUUZNRPRORNF,20190627140056,002,000,ION
ZNOVPFIFO,BNFVZNNIUOZZN,20190627140055,002,000,ION
IOIPFVNRFFFF,BNFVZNNIUPVIZ,20190627140055,002,000,IOI
ZNVZONVRN,BNFVZNPPIRVZV,20190627140054,002,000,ION
IVLROLFPUUU,BNFVZNNZVRUIZ,20190627140054,002,000,IV
ILFNPNNUUFP,BNFVZNNIUROIL,20190627140054,002,000,IL
IOIPFIVZLIVF,BNFVZFUZNPFVV,20190627140053,002,000,IOI
ZFLUNRVRV,BNFVZNFRLLUFO,20190627140053,002,000,ION
LVUFUROVIIVO,BNFVZFUZNPFUI,20190627140052,002,000,LVU
ILFIOPNULUZ,BNFVZNNIULOZI,20190627140052,002,000,IL
LVURVOPZOORL,BNFVZFUFNLFOO,20190627140051,002,000,LVU
ZNOPZORPN,BNFVZNVULOPOZ,20190627140050,002,000,ION
ZVRFVLZIF,BNFVZNUFOOPPV,20190627140050,002,000,ION
VVRFLUORF,BNUUDUZNVFVVVRFLLZLR,20190627140049,002,000,ION
ZNNUPLRLO,BURVZNFFNOLVP,20190627140049,002,000,ION
VNUINFIUL,BNUUZNUNNOIPI,20190627140049,002,000,ION
ZNRVIOLPL,BNFVZNZPLZILN,20190627140048,002,000,ION
IZILRLURPLVU,BNFVZNNIULURR,20190627140048,002,000,IZ
OOVNLUVURUUL,BNFVZFUPIRUVU,20190627140048,002,000,OO
OONNOOVZVNIF,BNFVZNNIUOIOL,20190627140047,002,000,OO
ZFOZIRVNU,BNUUZNRVOIONL,20190627140047,002,000,ION
ZFOZIRVNU,BNUUZNVOUPNNV,20190627140047,002,000,ION
ZFOZIRVNU,BNUUZNFLULORP,20190627140047,002,000,ION
LLVUROIFVIZL,BNFVZFURIOZLF,20190627140047,002,000,LL
IOINONZVOVO,BURVVIZNFUIFI,20190627140046,002,000,IOI
ZFOZIRVNU,BNUUZNUVUZFOF,20190627140046,002,000,ION
ZNPNZINUU,BNFVZNINUVFPO,20190627140045,002,000,ION
ZFOZIRNZR,BNUUZNUNRIOUU,20190627140045,002,000,ION
ZRNOUZNVRZRU,BNFVZNNIURVZV,20190627140044,002,000,ZRN
ZNPOIPVLP,BNFVZVFFOORNL,20190627140044,002,000,ION
LVNVVNUVPONN,BURVDUZNVLFVNLNVZPUU,20190627140043,001,001,LVN
LZOIOFNUIV,BURVZVUVVNZRP,20190627140043,002,000,LZ
ZIRRNFPPO,BNUUDUZNVLOVOFPOFUFU,20190627140042,002,000,ION
ZNRIPFZNL,BNFVZNIIZIPFP,20190627140042,002,000,ION
LZVNOLZNOFNV,BNFVZNNIUOOVR,20190627140041,002,000,LZ
VNUIIULUF,BNUUZNROPLNPR,20190627140041,002,000,ION
ZNLNUVVPV,BNFVZNNFFLPUU,20190627140040,002,000,ION
IVLRROIVIVO,BURVZNNIUZVRF,20190627140040,002,000,IV
VNUIVNVRO,BNUUZNLVIUNPN,20190627140040,002,000,ION
VNINVFFUU,BNUUZNPLIUOLU,20190627140040,002,000,ION
IVLRRRRRROO,BURVZNNIUOIIR,20190627140039,002,000,IV
LLROUIOUUPFZ,BNFVZFPOVVNRP,20190627140039,002,000,LL
RZVORNZNFNI,BURVZNNIUFUPV,20190627140038,002,000,R
ZIPVRRFIF,BURVZNPFPVPUU,20190627140038,002,000,ION
IZURFIPIPNFI,BNFVZNVUFNPNI,20190627140038,002,000,IZ
VNUIVNOUF,BNUUZNUUVRPZN,20190627140037,002,000,ION
ZVUVUZNNI,BNFVZVUVUZNPN,20190627140036,002,000,ION
VNUILLPUN,BNUUZNLFFRNLR,20190627140036,002,000,ION
LLRPRZFRUIZF,BNFVZNNIUOROU,20190627140035,002,000,LL
IULOUVUNV,BNUUZNFLUZOPO,20190627140035,002,000,ION
NVUIZRRUFNP,BNFVZNNIUPOFN,20190627140035,002,000,NVUI
LVUIOLFVVNVR,BNFVZFUFNIFON,20190627140034,002,000,LVU
ZNIFPPUUO,BNFVZNNNLVVZL,20190627140034,002,000,ION
IZILRIFVZILN,BNFVZFUZNRVPL,20190627140034,002,000,IZ
IIIORLZPNUV,BNFVZNNIUPORO,20190627140033,002,000,II
VNUNPLIIV,BNUUZNIPFPPLI,20190627140033,002,000,ION
ZNZFNLNNN,BNFVZNLZFIFNL,20190627140032,002,000,ION
IZUIRFRRZPZZ,BNFVZVULORLUN,20190627140032,002,000,IZ
LLNLRIIRZLLN,BNFVZNFUIZFNV,20190627140032,002,000,LL
ZNNUFPPVZ,BNFVZNVNFZFNU,20190627140031,002,000,ION
ZIZOVZPNO,BURVDUZNZUUZIVVINLNV,20190627140031,002,000,ION
NRIVPVVZORI,BNFVZNNIULINP,20190627140030,002,000,NRIV
VNUIIFRRI,BNUUZNZRUNOVL,20190627140030,002,000,ION
LLLLVUIPUPLFUZ,BNFVZFUFNINOF,20190627140029,002,000,LL
ZRVOVZNVVUZR,BURVZNNIURUFP,20190627140029,002,000,ZRV
LLNVRZPRNUIO,BNFVZNNIUPIPO,20190627140028,002,000,LL
ZIRZUVPFP,BURVZVUNPLNNF,20190627140028,002,000,ION
LZNRFRVLPRRLU,BNFVZNLLIVPIU,20190627140027,002,000,LZ
ZNVLPLNNL,BNFVZNNIUOPZL,20190627140027,002,000,ION
IOIPRFFROZFF,BNFVZNNIURFUN,20190627140027,002,000,IOI
ZNPLLOVOU,BNFVZNOLIULIL,20190627140026,002,000,ION
VPVLVUFFU,BNUUZNLUVVIVF,20190627140026,002,000,ION
ZNOUVOLIR,BNFVZNVRUPNNF,20190627140025,002,000,ION
VNUIFZZNI,BNUUZNVRIOLRN,20190627140025,002,000,ION
ILFUOZPFVPN,BNFVZNNIULRNR,20190627140025,002,000,IL
LUIFLVVPULV,BURVZNVPULZOL,20190627140025,002,000,LU
ZNVRFIVZZ,BNFVZNVZIRIOV,20190627140024,002,000,ION
VNUINRUFI,BNUUZNUPNILZF,20190627140024,002,000,ION
ZNFZUZFNV,BNFVZNPRRUORL,20190627140023,002,000,ION
NRPFFVFNIZN,BNFVZNRRILUPU,20190627140023,002,000,NRPF
ZIRRNFPPO,BNUUDUZNVLFVPZPFVRLI,20190627140022,002,000,ION
LLNIPPRFULIN,BURVDUZNVFNVPVLIUOUU,20190627140022,002,000,LL
LFLRFZPOVZ,BURVZVUVUUIVU,20190627140021,002,000,LF
ZNIFRFIVR,BNFVZNOOOLVFV,20190627140021,002,000,ION
ZNLUFVOPU,BNFVZNFUINUFO,20190627140020,002,000,ION
ZVUVUZNNI,BNFVZVUVUZNPN,20190627140020,002,000,ION
IIFVIOIULFR,BNFVZNNIUPNVN,20190627140019,002,000,II
IIFNVIPIOLR,BNFVZNNNIUPIF,20190627140019,002,000,II
ZNFNVIPLL,BNFVZNRRFNOFF,20190627140019,002,000,ION
ZUINVZRPUPPL,BNFVZNNIUPURN,20190627140018,002,000,ZU
ZNLNOIULI,BNFVZFOFLUIFZ,20190627140018,002,000,ION
IOVVRZZUNZZVU,BNFVZNNIUZFPI,20190627140018,002,000,IOV
ZNVIPPVON,BNFVZNPOOZURF,20190627140017,002,000,ION
IUPPNIPVL,BNFVZNVIIOFUU,20190627140017,002,000,ION
IUPPNIPVO,BNFVZNRZRPROF,20190627140017,002,000,ION
IZRNNZZURIZR,BURVZNINPFVVP,20190627140016,002,000,IZ
ZIVIVZIPR,BNFVZNLUIIUNN,20190627140016,002,000,ION
VNUIIFRRI,BNUUZNILRLZLO,20190627140016,002,000,ION
ZNOUVLPZO,BNFVZNRVOFUZV,20190627140015,002,000,ION
LNIVLVNPURU,BNFVZFNLOOUNL,20190627140015,002,000,LN
IUUOUZOUU,BURVZNLVZNZZZ,20190627140014,002,000,ION
LLRLZIFRFIZV,BNFVZFURIIFIZ,20190627140014,002,000,LL
NVULLPUPLUO,BNFVZNNIUFRFP,20190627140013,002,000,NVUL
ZFOZIRNZR,BNUUDUZNZUUZIVPVPFRI,20190627140013,002,000,ION
ILFLLVRUZPP,BNFVZNNIULPRV,20190627140013,002,000,IL
IRNVIUROUUR,BNFVZNNIUONFP,20190627140012,002,000,IRN
ILFFNZNPUIZ,BNFVZNNIUFLNL,20190627140012,002,000,IL
ZNPNONPVL,BNFVZNLFRNILN,20190627140011,002,000,ION
VNUIIFRRI,BNUUZNUNNOIPI,20190627140011,002,000,ION
ZVUILRUUV,BNFVZVUOIFPPU,20190627140011,002,000,ION
LLNVNVPNPNFR,BNFVZNFPROPOI,20190627140010,002,000,LL
ZFOZIRVNU,BNUUZNNOZUUZI,20190627140010,002,000,ION
ZFOZIRVNU,BNUUZNRRLPPZF,20190627140010,002,000,ION
ZVUURZOPP,BNFVZVUIIRVZZ,20190627140009,002,000,ION
IIFNNOPUVFO,BNFVZNNIUOIIZ,20190627140008,002,000,II
VNUIFZZNI,BNUUZNROVVFUL,20190627140008,002,000,ION
ZIVIIFINF,BNFVZNNFFLPUU,20190627140007,002,000,ION
ZIZPLUOUU,BNFVFUZNZZPFNUR,20190627140007,002,000,ION
IUPPUOVLU,BNFVZNNPUVOIR,20190627140006,002,000,ION
LFRUOOPOIPU,BNFVZNNIUZOPZ,20190627140006,002,000,LF
VLLZVINIUUUU,BNFVZNNIURFNR,20190627140006,002,000,VLL
ZFIOFZRPU,BNFVZFFRUPRPU,20190627140005,002,000,ION
ZNROZNOUP,BNFVZNNFFLPUU,20190627140005,002,000,ION
ZNLNUFNIN,BNFVZNPVIROIZ,20190627140004,002,000,ION
LLVUIONLZUOO,BURVZNFPOFFLZ,20190627140004,002,000,LL
ILFIVFLVRVV,BNFVZNUOVFLUU,20190627140003,002,000,IL
ZNNOPZIRN,BNFVZNUZULLPR,20190627140003,002,000,ION
OONNINOUIOUV,BNFVZFUPNOFOL,20190627140002,002,000,OO
LLRRRFLFNULR,BNFVZFPZLVRUR,20190627140001,002,000,LL
ZNPNIINRO,BNFVZNLZUNOOR,20190627140001,002,000,ION
ZNPOLIZRN,BNFVZFLUILIOR,20190627140001,002,000,ION
IVVIFUOVUI,BNFVZNNIUZUPP,20190627140000,002,000,IV
IVLROVPVIVN,BURVZNNIUPVZL,20190627140000,002,000,IV
VOVRUNUFU,BNUUZNRIRLRRR,20190627140000,002,000,ION
IUPPUOZRP,BNFVZNPFFFPRV,20190627135959,002,000,ION
ZVOZFPVPP,BNFVZNVUFZPNU,20190627135959,002,000,ION
VNUILUFPV,BNUUZNOIUIUZO,20190627135958,002,000,ION
ILFOZIILNNI,BNFVZFURIZONN,20190627135958,002,000,IL
IOPVZOONVRFZ,BNFVZNNIUPOUP,20190627135957,002,000,IOP
IIFRUVVPVUN,BNFVZNNIURLIR,20190627135957,002,000,II
LLNINVZRFRVU,BNFVZFFOLOONO,20190627135957,002,000,LL
ZNIFRINLU,BNFVZNNFFLPUU,20190627135956,002,000,ION
VNNLOUIZR,BNFVZNOFUNUUN,20190627135955,002,000,ION
IIFPIUIFZNN,BNFVZNLVFURRP,20190627135955,002,000,II
ZNNZOZORF,BNFVZNPUNZFRP,20190627135954,002,000,ION
ZNOLULUOP,BNFVZNUZPOPOO,20190627135954,002,000,ION
ZNPNNIOPZ,BNFVZNFPPOLVO,20190627135953,002,000,ION
ZNZVPVRLN,BNFVZNUNROIUN,20190627135953,002,000,ION
LFRFIZIPOUN,BNFVZNOLNLROR,20190627135952,002,000,LF
ZNIUNIFZL,BNFVZFZUFFFZU,20190627135952,002,000,ION
VNUINRZLN,BNUUZNRRPIVRI,20190627135951,002,000,ION
ZIRRVZVOV,BNFVZNRZPLNZP,20190627135950,002,000,ION
LZLFIFVNROOON,BURVZNVVFRFFL,20190627135950,002,000,LZ
ZFOZIRVNU,BNUUZNVPORPNV,20190627135950,002,000,ION
ZFOZIRVNU,BNUUZNPZLPLVZ,20190627135950,002,000,ION
ZFOZIRVNU,BNUUZNZRVNIVR,20190627135950,002,000,ION
IIFIUOPLVVZ,BNFVZNNIULNFU,20190627135949,002,000,II
ZNVOVLRLL,BNFVZNVOVLFPZ,20190627135949,002,000,ION
ZNIVPOOUZ,BURVZNLPPUILN,20190627135948,002,000,ION
ZIRIUUUZV,BURVZNNFFLPUU,20190627135948,002,000,ION
ZNONPPROZ,BNFVZNVOUPVFR,20190627135947,002,000,ION
ILFIZOFZPZI,BNFVZNNIUPNRV,20190627135947,002,000,IL
INFIUPNUFFL,BNFVZNNIURPLV,20190627135946,002,000,IN
ILZNVFPNOOU,BNFVZNRFVOURI,20190627135946,002,000,IL
VNUIFZZUV,BNUUZNRZOVVIR,20190627135945,002,000,ION
VFVUPINNV,BNUUZNPOORRZR,20190627135944,002,000,ION
LZNRZOULZIZN,BURVZNNIUZOOU,20190627135944,002,000,LZ
IIFROUIUIOZ,BNFVZNNIUPOIL,20190627135943,002,000,II
LZNFVLZUVZZZ,BNFVZNUVUNRZI,20190627135942,002,000,LZ
VNNLONUPO,BURVZNURRIZNN,20190627135942,002,000,ION
IUPPNVIIF,BURVZNVOUFFUL,20190627135941,002,000,ION
LPOULPLNUFZ,BURVZNPNOLPIO,20190627135941,002,000,LP
RZFUPPVVRPU,BNFVZFUZNILLZ,20190627135940,002,000,R
IULOUNFIR,BNUUZNIZRZUIZ,20190627135940,002,000,ION
LIFFLZROOOPR,BNFVZNNIUROIL,20190627135940,002,000,LI
ZIVIVZIPR,BNFVZNLUIIUNN,20190627135939,002,000,ION
IVLZZRFRLLI,BURVZNZRFUPVZ,20190627135939,002,000,IV
VNUIFZZNI,BNUUZNOIPZUOP,20190627135939,002,000,ION
ILFFZULUVUU,BNFVZNNIURLIR,20190627135938,002,000,IL
VNUIUZIZL,BNUUZNRIVPLPP,20190627135938,002,000,ION
LZNFULRRURZO,BNFVZNNIUZFRU,20190627135937,002,000,LZ
ZNOUZORNN,BNFVZNRPNFLUI,20190627135937,002,000,ION
VNNVUFZUP,BURVZNPFNZZRV,20190627135937,002,000,ION
ZRNOUFRPUZRR,BNFVZNNIULVPL,20190627135936,002,000,ZRN
ZNVLIRLRR,BNFVZFRINORRL,20190627135936,002,000,ION
ZNINFRNPR,BNFVZNLOPINLU,20190627135935,002,000,ION
VNUILLPUN,BNUUZNURLNVLU,20190627135935,002,000,ION
ZNFVPRVVP,BNFVZFVULRFIN,20190627135935,002,000,ION
LZNFUUPPVVNN,BNFVZNPVILRVO,20190627135934,002,000,LZ
VNIVOFVLI,BNUUDUZNVLFVNNNVPLOL,20190627135934,002,000,ION
ZFOZIRVNU,BNUUZNFOUNONN,20190627135934,002,000,ION
ZNNPFIZUR,BNFVZNNNLUZIP,20190627135934,002,000,ION
VNUIFZZNI,BNUUZNRNRUOLN,20190627135933,002,000,ION
VNNVNNRZO,BURVZNLVVFOII,20190627135933,002,000,ION
IUPPUPFFR,BNFVZNOIIOUVO,20190627135932,002,000,ION
IOVFFNIOIFUZ,BNFVZNLUPZNVL,20190627135931,002,000,IOV
ILFLRIZPLOI,BNFVZNPRPOOFP,20190627135931,002,000,IL
ZILULPVFR,BNFVFUZNZNFLUNF,20190627135930,002,000,ION
ZNUIRIZFP,BNFVZNUVIPIUR,20190627135930,002,000,ION
ZIVUIRUOU,BURVDUZNZUUZIOZVFRLV,20190627135930,002,000,ION
ZNVPRLZVO,BNFVZVLIUUFVV,20190627135929,002,000,ION
ZNRIUOVIV,BNFVZNROPNVUP,20190627135929,002,000,ION
ZFOZIRVNU,BNUUZNINLPPNN,20190627135929,002,000,ION
IIFNZNIFFIF,BNFVZNRIUPNVV,20190627135929,002,000,II
VNNLONUPO,BURVZNUZIURRL,20190627135928,002,000,ION
LZIUVOOOPUZULOV,BNFVZNNIURIIR,20190627135928,002,000,LZ
VOVRUNUZO,BNUUZNFOOLOOZ,20190627135928,002,000,ION
IILOUNZLORF,BNFVZNNIUPLLN,20190627135927,002,000,II
IULOUIOPI,BNUUZNPNRFFRF,20190627135927,002,000,ION
IIRFNLNPLFR,BNFVZNNIUPNZZ,20190627135926,002,000,II
ZNLRZUONI,BNFVZFRNVPROF,20190627135925,002,000,ION
ZFUIFPNLL,BNFVZNLULNPVO,20190627135925,002,000,ION
IIFFORIPFPI,BNFVZNPRUOVPF,20190627135925,002,000,II
ZNIIIULRF,BNFVZNOUZZPUO,20190627135924,002,000,ION
ZNZFFLFVRNRR,BNFVZVUIIRLIU,20190627135924,002,000,ZN
IIFOZNVPIFN,BNFVZNNIUZOVL,20190627135923,002,000,II
VNUIIORNZ,BNUUZNUNLOZNO,20190627135923,002,000,ION
LZIONLZRINUO,BNFVZNNIUZOON,20190627135923,002,000,LZ
VNUIIVFPN,BNUUZNFZULFVL,20190627135923,002,000,ION
ZNFFIZRRO,BNFVZNIRFRPFF,20190627135922,002,000,ION
VFVPIUUVR,BNUUZNNNNNVUI,20190627135922,002,000,ION
IIFLFZNFFPI,BNFVZNNIUZIVZ,20190627135921,002,000,II
FNIPOFFRFPU,BNFVZNLNLRPIR,20190627135921,002,000,FN
PPFLVVVVPRON,BNFVZNNIUPVOF,20190627135921,002,000,PPF
NINLRPUFORU,BNFVZNNIUOROZ,20190627135920,002,000,NINL
IULOULUUF,BNUUZNNRVVFOP,20190627135920,002,000,ION
VRPRPNUFI,BURVVLZUZULPP,20190627135919,002,000,ION
ZUOIVVIILPRF,BNFVZNNIUZVLU,20190627135919,002,000,ZU
IULOUVFZV,BNUUZVUUNZLUL,20190627135918,002,000,ION
VNRZVIIUU,BNUUDUZNVLFVNLRVINFO,20190627135918,002,000,ION
ZFOZIRVNU,BNUUDUZNZUUZILONUPNN,20190627135918,002,000,ION
ZNOZZIPNI,BNFVZNOZZNLRL,20190627135917,002,000,ION
ZNRPNLLNN,BNFVZNNFFLPUU,20190627135917,002,000,ION
LLRLZOZRONNN,BNFVZNUZFIFLF,20190627135916,002,000,LL
ZIPPRPVZI,BNFVZNRVFNNFP,20190627135915,002,000,ION
ILZOLIRZVUP,BNFVZNNIURLNU,20190627135915,002,000,IL
VNUIUFZPZ,BNUUDUZNVLFVVRLNZIVU,20190627135915,002,000,ION
IRVOUNZONU,BURVZNNIUPVNF,20190627135914,002,000,IRV
ZVFRVRZLF,BNFVZNILFURZV,20190627135914,002,000,ION
OOVNIZUUZPVP,BNFVZFUZNRFZP,20190627135913,002,000,OO
IIFUZRZNILZ,BNFVZNNIUONPR,20190627135913,002,000,II
INFNVZPNNVZ,BURVZNLPVZVFI,20190627135913,002,000,IN
LZNRFVFIURRLO,BNFVZNNIUFZLR,20190627135912,002,000,LZ
ZNOPPFINI,BNFVZNIZZPLLZ,20190627135912,002,000,ION
ZNVILRPPP,BNFVZNVNINLUL,20190627135911,002,000,ION
VNULNIORP,BNUUDUZNVLOVNROPNPZF,20190627135911,002,000,ION
ZNZPOLZVV,BNFVZNPVVFUVO,20190627135910,002,000,ION
LUROLPOIZOV,BNFVZVUUOROUL,20190627135910,002,000,LU
IULOUVUNL,BNUUZVUVFNUIL,20190627135910,002,000,ION
ZFOZIRVNU,BNUUZNFROOZLN,20190627135909,002,000,ION
ILFORZZVVUL,BNFVZNNIURNFO,20190627135909,002,000,IL
INFIFNFFUVL,BNFVZNZRPVPFL,20190627135908,002,000,IN
IOVFVNFNLORP,BNFVZNFRIFZIF,20190627135908,002,000,IOV
ZNOLZPLNZ,BNFVZNIIIFVRO,20190627135907,002,000,ION
LORNZVPFZR,BNFVZNNIURORU,20190627135907,002,000,LO
ZIOIUIUIU,BNFVZNOUPZUPN,20190627135907,002,000,ION
ZNRFOZURI,BNFVZNNIURZPO,20190627135906,002,000,ION
ZNVUPRIRR,BNFVZNLFPVOUU,20190627135906,002,000,ION
IIFRUUZNZIN,BURVDUZNVLOVINVUNVUV,20190627135906,002,000,II
ZNOURPRFP,BNFVZNIIORPZO,20190627135905,002,000,ION
ZFOZIRVNU,BNUUZNLRZZVNU,20190627135905,002,000,ION
LZNFINRFNRVP,BNFVZFUVVFZLI,20190627135904,002,000,LZ
IVLZONZLNLP,BNFVZNLUULUVR,20190627135904,002,000,IV
VVLURFLPL,BURVZNROZPVUR,20190627135903,002,000,ION
ZNZLPUVVI,BNFVZNNNNUUFF,20190627135903,002,000,ION
ILZNIRULOIZ,BURVZNNPZIORV,20190627135902,002,000,IL
ZNNUPVVUU,BNFVZNFFVONRU,20190627135902,002,000,ION
IOVFZNOFRLZL,BURVDUZNZUUZFFNNRNFF,20190627135901,002,000,IOV
IIFLUFZFNPV,BNFVZNZZRNURP,20190627135901,002,000,II
ZFOZIRVNU,BNUUZNNOPRVZR,20190627135901,002,000,ION
IIVLUIFLNLN,BNFVZNNIUFRVN,20190627135900,002,000,II
VNNZIZZUU,BURVZNNIURIZL,20190627135900,002,000,ION
ZNIVNFIUL,BNFVZNPRNRRLU,20190627135900,002,000,ION
IIVLUIFLNLN,BNFVZNNIUFRVN,20190627135859,002,000,II
IPOZPNRVZOUN,BURVZNIOZVPVL,20190627135859,002,000,IPO
IIFUFFVVLUP,BNFVZNRZZOFFU,20190627135858,002,000,II
VNUIFZZUV,BNUUZNOOOFFNF,20190627135858,002,000,ION
ZFRURNOPF,BURVZNOIFLLRZ,20190627135858,002,000,ION
IIFIVIPLLVN,BNFVZNNIUOOVN,20190627135857,002,000,II
ZFOZIRVNU,BNUUZNZZFLOLZ,20190627135857,002,000,ION
ZFOZIRVNU,BNUUZNRIVRVFL,20190627135857,002,000,ION
IOPLUOFUPUZU,BNFVZNNIULPLR,20190627135857,002,000,IOP
ILZRFIFUZRN,BNFVZNNIUZORP,20190627135856,002,000,IL
ZNOVFVLOP,BNFVZFOILVONF,20190627135856,002,000,ION
IIVLUIFLNLN,BURVZNNIUFRVN,20190627135855,002,000,II
IIVLUIFLNLN,BURVZNNIUFRVN,20190627135854,002,000,II
LNRFPULLIPL,BNUUZNUNZPLFO,20190627135854,002,000,LN
IIFLRNUORII,BNFVZNLLIVPIU,20190627135854,002,000,II
PRURRINPZUUZ,BNFVZNFOZUNNP,20190627135853,002,000,PRU
IOVFVNNOZZPP,BNFVZNNRUNNFN,20190627135853,002,000,IOV
INFONRVIFNR,BNFVZFVOLFFPP,20190627135853,002,000,IN
ZFVLNFUNF,BNFVZNUNIVZRL,20190627135852,002,000,ION
ZNUZZLFVP,BURVZNLFUNOZU,20190627135852,002,000,ION
IIFFLRZNPUP,BNFVZNZVUNPUZ,20190627135852,002,000,II
LLRPPUOOVVIO,BNFVZNNIULOLN,20190627135851,002,000,LL
VNUIFZZNI,BNUUZNROFRIRN,20190627135851,002,000,ION
ZNLZFUIIV,BNFVZNNIUPRVZ,20190627135851,002,000,ION
ZIINLNNZP,BNUUZNPVPPFLP,20190627135850,002,000,ION
IOINFNRZVRN,BNFVZNNIUFFVP,20190627135850,002,000,IOI
VNUIUVLLV,BNUUZNRFIPLLP,20190627135850,002,000,ION
ZIPPPRUZL,BURVZNLIFFNLU,20190627135849,002,000,ION
