IZILPIOZNZRZ,BNFVZNNIUOPUO,20190622235959,002,000,IZ
VNNVUFZUP,BNFVZNNFFLPUU,20190622112422,002,000,ION
ZNPUZRRFI,BNFVZFOIIROLV,20190622112421,002,000,ION
ZNVZVFVZP,BNFVZNFNZNIIL,20190622112421,002,000,ION
VNUIULPIU,BNUUZNVIRUPVR,20190622112421,002,000,ION
ZNOIPVULP,BNFVZNVLFZZZV,20190622112421,002,000,ION
IVLZZIOINNO,BNFVZNUUFZZLO,20190622112420,002,000,IV
VFVZUZNLR,BNUUZNIPFVLFV,20190622112420,002,000,ION
ZNZOOOLLL,BNFVZNNIUPIFI,20190622112420,002,000,ION
ZNRFUNUOV,BNFVZNRPPIONR,20190622112420,002,000,ION
ZNFLRZFRI,BNUUDUZNZUUZFULUZIOOU,20190622112419,002,000,ION
ZIFRFVVOF,BNFVZNLIIRORZ,20190622112418,002,000,ION
ZNPVZRVUV,BNFVZNRRLOZPO,20190622112418,002,000,ION
ZFVLUZVZV,BNFVZNRVORPVN,20190622112418,002,000,ION
ZNLPFVPVR,BNFVZNFNVRPUF,20190622112417,002,000,ION
ZILOVVFPL,BURVDUZNZUUZIVUUNRUU,20190622112417,002,000,ION
IIPNUPNIPNI,BNFVZNNIUPVZV,20190622112416,002,000,II
ZNLNRLFZU,BNFVZNOZULUZF,20190622112416,002,000,ION
LZNRUULPNFFZ,BURVZNFINRLRO,20190622112416,002,000,LZ
VOFZNRILO,BNUUZNZZLNFNR,20190622112415,002,000,ION
IIFNOULIVZF,BNFVZNINLPFPF,20190622112415,002,000,II
ZFUNOUOLZ,BNFVZNNZVPRIP,20190622112415,002,000,ION
LUROOFFLVPL,BNFVZVULIILRZ,20190622112415,002,000,LU
ZNOIRPZOO,BNFVZNVUPLNZI,20190622112414,002,000,ION
LZNORRPFINORZ,BNFVZFOIIUFUF,20190622112414,002,000,LZ
VNUIUPUIO,BNUUZNOPFPZVL,20190622112414,002,000,ION
IPOLLOINIZN,BNFVZNRPOZUOF,20190622112413,002,000,IPO
ZNLPZZULO,BURVZVUNUUPOO,20190622112413,002,000,ION
IUUOUZULI,BURVDUZNZUUZFFPIPIIL,20190622112412,002,000,ION
ZNROFZOVU,BNFVZNRLPILFF,20190622112412,002,000,ION
ZNLFZNVRP,BNFVZNZVVZOLR,20190622112412,002,000,ION
ZNROPNNVI,BNFVZNIRNZVPO,20190622112411,002,000,ION
ILZLIPLOUPR,BNFVZFRPROIVP,20190622112411,002,000,IL
ZNIZLPRVO,BNFVZNZVUFPUF,20190622112411,002,000,ION
IULOUVLRZ,BNUUDUZNZUUZFZUROILR,20190622112411,002,000,ION
IIROLIVOLIN,BNFVZNFVFLIRF,20190622112411,002,000,II
LLVUIPZRIOII,BURVZNUZUPOVR,20190622112410,002,000,LL
NZUPIOPZVVV,BNFVZNNUNPILZ,20190622112410,002,000,NZUP
LLRRRLULNNRI,BNFVZFIZNFPOP,20190622112410,002,000,LL
ZFOZIRVNU,BNUUZNOUNPZOR,20190622112410,002,000,ION
IINPOZIVFFR,BNFVZNZFIVZPU,20190622112409,002,000,II
IINPOZIZFFP,BNFVZNZPFVNUL,20190622112409,002,000,II
IOVFFNIUUZPU,BNFVZNOVFIFNO,20190622112409,002,000,IOV
LLVUPOZZURPO,BURVDUZNVFVVVONULIZN,20190622112409,002,000,LL
ZFVPOFRPZ,BNFVZNNFFLPUU,20190622112409,002,000,ION
ZNIIFZIRZ,BNFVZNNFFLPUU,20190622112408,002,000,ION
LOZNRVUZRN,BURVZNUPNURLI,20190622112408,002,000,LO
LURONOPZLZR,BNFVZVUOZFPVF,20190622112408,002,000,LU
ZNILVFVNR,BNFVZNVRFZPLL,20190622112407,002,000,ION
IOVFVNNFVUIZ,BNFVZNNIURPOL,20190622112407,002,000,IOV
VOVRUNUZV,BNUUZNIVZINLL,20190622112407,002,000,ION
LLRPRRNFFPIL,BNFVZNNIUPORO,20190622112407,002,000,LL
LURVOFPVIVV,BURVZNINOIRVO,20190622112406,002,000,LU
ZIZZNLUZU,BNFVZNUIPIOVL,20190622112406,002,000,ION
IIFPOORNNIR,BNFVZNOVOVVNI,20190622112406,002,000,II
ZNIUFLINZ,BNFVZNVRVPURZ,20190622112405,002,000,ION
VNUIIULUF,BNUUDUZNVLOVVIROFVNI,20190622112405,002,000,ION
IIFOPOUIRFZ,BNFVZNUVPNPOP,20190622112404,002,000,II
VNUIILLNI,BNUUDUZNVFVVVFUZUIVP,20190622112404,002,000,ION
INFOIPOOOFI,BNFVZNNIUORLZ,20190622112404,002,000,IN
INFVZUIRIPL,BNFVZNNIUPIVO,20190622112403,002,000,IN
LZNONRIUOIIUZ,BNFVZNZRLLINV,20190622112403,002,000,LZ
VNNNVPZPP,BURVZNFZLZNNI,20190622112402,002,000,ION
IULOUVFZP,BNUUDUZNZUUZIIVPRIFP,20190622112402,002,000,ION
ZNLPVLIFZ,BNFVZNNNLFVPI,20190622112402,002,000,ION
ILFRPIPFZNP,BURVZNNIUZZVU,20190622112401,002,000,IL
ILFONLPRNNZ,BNFVZNNIUFUIO,20190622112401,002,000,IL
ILFVUZLPIRF,BNFVZNNIUPIOI,20190622112400,002,000,IL
ILFRPIPFZNP,BNFVZNNIUZZVU,20190622112400,002,000,IL
NZUPLLRLRRZ,BNFVZNNIUFIIV,20190622112400,002,000,NZUP
ILFRUFNRLLZ,BNFVZNNIUPIZU,20190622112400,002,000,IL
ZNPRRLIIZ,BNFVZFOPZUNZZ,20190622112359,002,000,ION
IZIVROZRRUVF,BNFVZVUIUFONP,20190622112359,002,000,IZ
LLRZUPFUFFLF,BNFVZNNIUZZFO,20190622112359,002,000,LL
ZNNOIUOOR,BURVDUZNZUUZFNVPLRFO,20190622112359,002,000,ION
IIRFNVZOZUP,BNFVZNNIUPRUI,20190622112358,002,000,II
IULOUIPNU,BNUUZNZNZOVRN,20190622112358,002,000,ION
ZNZNIPFFN,BNFVZVFFPIOPP,20190622112357,002,000,ION
IIFPPNNNROO,BNFVZNUNUULFV,20190622112357,002,000,II
ZNLFNUULF,BNFVZFRUVFVNI,20190622112357,002,000,ION
IFRUVLNPNOI,BNFVZNNIUZFFP,20190622112356,002,000,IF
LNRZILUOFLI,BURVZNRNVZLRN,20190622112356,002,000,LN
VOFPUNLLZ,BNUUDUZNVLOVOFNZFVRI,20190622112355,002,000,ION
IVLRVNZLNON,BURVZNFNLIVVL,20190622112355,002,000,IV
ZNZUZNZVN,BURVDUZNZUUZFVURUPNL,20190622112354,002,000,ION
ZFNFVIOFI,BNFVZNNIUPNOV,20190622112354,002,000,ION
ILFOIIPNLII,BNFVZNNIUPLLF,20190622112354,002,000,IL
ZIRZLPURO,BNFVZNZUZULRP,20190622112354,002,000,ION
ZNZRNVOOV,BURVZNLUZINNI,20190622112353,002,000,ION
LNRPFRIUNNZ,BURVZNNRVVZLO,20190622112353,002,000,LN
LZNROOVRPNZR,BNFVZNOVRNNIF,20190622112353,002,000,LZ
,BURVZNLOINZRR,20190622112352,002,006,UNKNOWN
LLRLNOINPPUV,BNFVZNNIUOVPO,20190622112351,002,000,LL
ILFFFNLUVNV,BNFVZNNIUZZUP,20190622112351,002,000,IL
NOUPRVIIVZO,BNFVZNNIULPFU,20190622112351,002,000,NOUP
ZNOFOLLII,BNFVZNOPINRUN,20190622112350,002,000,ION
IUPPUPRVP,BURVDUZNZUUZFVLUFIZR,20190622112350,002,000,ION
ILFPOVPNNLO,BNFVZNZLNPFFI,20190622112349,002,000,IL
ZVLLIFZON,BNFVZNOFUURPZ,20190622112349,002,000,ION
INVURNOIIIO,BURVZNLZLUNFZ,20190622112348,002,000,IN
IUPPUNOVV,BURVZVULVOORO,20190622112348,002,000,ION
IVVOLVUOUU,BURVZNNIUFNIN,20190622112347,002,000,IV
ZFRROFOZO,BNFVZNNOUILVP,20190622112347,002,000,ION
VOVRUNUZV,BNUUZNIIUNIFU,20190622112347,002,000,ION
LLRLLPRLIONR,BURVDUZNZUUZFNOIOFOF,20190622112346,002,000,LL
ZNZNIOFOP,BNFVZNVPPUNFV,20190622112346,002,000,ION
INFVIIZFVOU,BNFVZNNIULLPO,20190622112346,002,000,IN
IIFLLZFVIUF,BNFVZNNIUFPII,20190622112346,002,000,II
ILFURVPRVRV,BNFVZNNIUPLRF,20190622112345,002,000,IL
INFVVUIVLNU,BNFVZNNIUPIUU,20190622112345,002,000,IN
VLOZFFZLLOPN,BNFVZNOFUVNUO,20190622112345,002,000,VLO
ZNZVPNLPF,BNFVZNZFIZFIU,20190622112344,002,000,ION
IIFUPFUZIVZ,BNFVZNLVFRRON,20190622112344,002,000,II
IOIPRZUIUFRP,BNFVZNNIULFUZ,20190622112344,002,000,IOI
ILRVVPPLUNU,BNFVZNNIULROR,20190622112343,002,000,IL
ZNLIFOPUU,BNFVZNFRLZILR,20190622112342,002,000,ION
VNNNVPZPP,BURVZNFZLZNNI,20190622112342,002,000,ION
IUFZLZONRZVL,BNFVZNLRZNPFN,20190622112342,002,000,IU
ZFVLOVZUP,BNFVZFNUZNVVP,20190622112341,002,000,ION
LNRZFIOPFFZ,BURVZNFLRVNOI,20190622112341,002,000,LN
IVPZOUIV,BNFVZFIUOPUVN,20190622112341,002,000,ION
ZNOVVIZNV,BNFVZFIRIUVVZ,20190622112340,002,000,ION
ZNINLPFPF,BNFVZNUZVFRUL,20190622112340,002,000,ION
ZFOZIRVNU,BNUUDUZNZUUZFZOROOIU,20190622112340,002,000,ION
ZFOZIRVNU,BNUUZNOZRVUFN,20190622112340,002,000,ION
ZNVPZLLUF,BNFVZNLRRPVRU,20190622112339,002,000,ION
VNNVUFZUP,BNFVZNZUUUIZU,20190622112339,002,000,ION
ZNPRUNIUF,BNFVZNZULOOLV,20190622112339,002,000,ION
LLRZOOVUZORI,BNFVZNNIUFNFU,20190622112338,002,000,LL
VNUIUPUIO,BNUUZNVOPIVRP,20190622112338,002,000,ION
INFOVINFLPO,BNFVZNZFLZFZV,20190622112338,002,000,IN
ZFLVPPIUN,BURVDUZNZUUZFFVOZVUL,20190622112337,002,000,ION
IIFRUUNZZRP,BNFVZNVFOOFNN,20190622112337,002,000,II
LZNRPRZZOZNP,BNFVZNNIUZILP,20190622112337,002,000,LZ
IIRFRZOROLZ,BNFVZNNIULRPI,20190622112337,002,000,II
ZNIRUIIRP,BNFVZNIUUOZPN,20190622112336,002,000,ION
ILFPFPOUPIP,BNFVZNNIUFNZL,20190622112336,002,000,IL
ZFOZIRVNU,BNUUDUZNZUUZFILOPPIF,20190622112336,002,000,ION
ZNFUZVIRU,BNFVZNRRNLNVF,20190622112335,002,000,ION
ZIIPOZVNV,BNFVZNZIPFNUV,20190622112335,002,000,ION
LLRRRNZZUORV,BNFVZFFUZIUVU,20190622112334,002,000,LL
VOFUPFUFV,BNUUDUZNVLOVOFFPVIPL,20190622112334,002,000,ION
LLRRZZNONRZR,BNFVZVUUIVLPV,20190622112333,002,000,LL
ZNLIIPZIR,BNFVZNNUORFZV,20190622112333,002,000,ION
IIFRUPIFNNN,BNFVZNNIUFPOR,20190622112333,002,000,II
ZNIPILRRF,BNFVZNZOOPLIN,20190622112332,002,000,ION
ZNIVUNUZF,BNFVZNIVVZVNN,20190622112332,002,000,ION
ILFVVVRUFFR,BNFVZFZONFOIF,20190622112332,002,000,IL
ZNRZFZUPU,BNFVZNNIUZIPU,20190622112331,002,000,ION
ZFPFVIUFI,BNFVZFUZRUFLZU,20190622112331,002,000,ION
PVNUFIZNUOZR,BNFVZFUZNFNFI,20190622112331,002,000,PV
INFVLOUZOIP,BNFVZNNIUFVUO,20190622112331,002,000,IN
LLRRRNPZVVNR,BNFVZNNIUZPIP,20190622112331,002,000,LL
ZNFVLPFOU,BNFVZNIZNLRZP,20190622112330,002,000,ION
ZNPLZOVIN,BNFVZNFULZNRZ,20190622112330,002,000,ION
VVUIUZPRN,BNUUZNZVFOVRZ,20190622112330,002,000,ION
LLRORRPLIUFU,BNFVZFURNIZPR,20190622112330,002,000,LL
IIFUZUZIVLU,BNFVZNRLFURUF,20190622112329,002,000,II
ZFLNNNROP,BURVZNNIUOLUZ,20190622112329,002,000,ION
LLROVROUOUUL,BNFVZFUFNIZIF,20190622112328,002,000,LL
INFOLRIRPIL,BNFVZNNIURRIV,20190622112328,002,000,IN
IIFFZZNIONI,BNFVZNIPIIOZI,20190622112328,002,000,II
IIFIRFRZPIO,BNFVZNNIUFLPO,20190622112327,002,000,II
ILFZNFPPULP,BNFVZNNIUFIOF,20190622112327,002,000,IL
IZRNNZZUIONO,BURVZNFVOUONU,20190622112327,002,000,IZ
ILFPPRUPPNN,BNFVZNNIUZUIV,20190622112326,002,000,IL
ZVUIZNZVZ,BURVZNNIUFVNP,20190622112326,002,000,ION
LZNRUPNINNRF,BNFVZNNIULRLO,20190622112326,002,000,LZ
IVLRIOOFFIU,BURVZNNIUZZZI,20190622112326,002,000,IV
RLZONIZFZFF,BURVZNNIUPUUV,20190622112325,002,000,R
ZNFZZOPVO,BNFVZNNFFLPUU,20190622112325,002,000,ION
IIFPNIRZVFR,BNFVZNNIULIIV,20190622112325,002,000,II
ZNPIVVRUI,BNFVZNILZLZZV,20190622112324,002,000,ION
ZVUVNRFZN,BURVZVUNVVINI,20190622112324,002,000,ION
IIVZFINUVIR,BNFVZNNIUZFZP,20190622112323,002,000,II
ZNIVPFLIN,BNFVZNIVVVUUV,20190622112323,002,000,ION
ZNRLUZLPI,BNFVZNLUUUZVN,20190622112322,002,000,ION
IIFFIOIVURU,BNFVZNNIUFOPP,20190622112322,002,000,II
ZFFNVVLFF,BNFVZNVLUUNUR,20190622112322,002,000,ION
ILFPRNLPPFO,BNFVZNNIUFPUO,20190622112321,002,000,IL
ZNROLNZOO,BNFVZNIIPVPLO,20190622112321,002,000,ION
ZNVLOULLL,BNFVZNRORLVPN,20190622112321,002,000,ION
LIFFLNPIRRRR,BNFVZNUUNRPPR,20190622112320,002,000,LI
ILFIOOLOVFV,BNFVZNNIUPINL,20190622112320,002,000,IL
ZIRVPRURV,BURVDUZNZUUZFLUOUNLO,20190622112320,002,000,ION
ZNRIORINL,BNFVZNZIOUUPN,20190622112319,002,000,ION
IIFUZUZIVLU,BNFVZNNFFLPUU,20190622112319,002,000,II
LLVUIZIFILRL,BNFVZFURIZUNP,20190622112318,002,000,LL
LLNVILUFOFZO,BNFVZNNIUZFOF,20190622112318,002,000,LL
ILFIFNUUFUN,BNFVZNIIPOZNR,20190622112318,002,000,IL
LLRZUNRNUIRP,BNFVZFUPNILFO,20190622112317,002,000,LL
IPOZNORNZVUZ,BNFVZNNIUPNVP,20190622112317,002,000,IPO
ZIZPNVVUR,BNFVZFURIPZOO,20190622112317,002,000,ION
VNUIULPIU,BNUUDUZNZUUZFZOLLVOO,20190622112317,002,000,ION
ILFFZZIURNF,BNFVZNRRLLUUP,20190622112316,002,000,IL
LLRILUVZVNZV,BNFVZNVNLPZFO,20190622112316,002,000,LL
LNRFRRZNOPU,BURVZNLURUUIU,20190622112316,002,000,LN
ZIFLOFUUN,BNFVZNNUOURNN,20190622112316,002,000,ION
IIFOULRRVNZ,BNFVZNZNLFPOV,20190622112315,002,000,II
IUUIUNFUN,BNUUZNIOPUVFO,20190622112315,002,000,ION
LLNVRZFPUIOR,BNFVZNNIUPLIU,20190622112315,002,000,LL
IVLRNFOONZN,BURVZNNIUPNIL,20190622112314,002,000,IV
ZVOLUUIZL,BNFVZNNFFLPUU,20190622112314,002,000,ION
ZNOUZZIUZ,BNFVZNIOLUZNO,20190622112314,002,000,ION
VNUILUFPI,BNUUZNPLLNIOP,20190622112314,002,000,ION
ZNVNNOOZV,BNFVZNNFFLPUU,20190622112313,002,000,ION
ZFFZNLUVO,BNFVZFIPVZNUL,20190622112313,002,000,ION
LLRRRVPRZIFP,BNFVZNNIUZNLZ,20190622112312,002,000,LL
ZFRIOFLNI,BNFVZNROULPRZ,20190622112312,002,000,ION
ILFIIVFIRZI,BNFVZNNIUFLLV,20190622112312,002,000,IL
LLRZZUOZVPLO,BNFVZFURIPFVU,20190622112311,002,000,LL
FNLNLOFOOIN,BNFVZNLNLVOVI,20190622112311,002,000,FN
LLRZIUNZPIZI,BNFVZNNIUFNFI,20190622112311,002,000,LL
LZNORIIZUOUNI,BNFVZNROUVFVO,20190622112310,002,000,LZ
LPPPNVILRII,BNFVZNLZVNFLN,20190622112310,002,000,LP
IIFLIPZPZPO,BURVDUZNZUUZFPINIRLZ,20190622112310,002,000,II
IINFUIUVUIO,BNFVZNOVIIPIN,20190622112310,002,000,II
ILFUIIRURNR,BNFVZNNIUROOL,20190622112309,002,000,IL
ZNLPZIRZZ,BNFVZNPVPRNZI,20190622112309,002,000,ION
ZILPFFRIR,BURVZNOOLIPOL,20190622112308,002,000,ION
VVUPNROLF,BNUUZNFVUOOZN,20190622112308,002,000,ION
IIZOUINRVIZ,BNFVZNLRUOVVV,20190622112308,002,000,II
ZFFLIRNIU,BNFVZFUZRURPVU,20190622112307,002,000,ION
IOVFVNFVRZFF,BNFVZNVPLZIRI,20190622112307,002,000,IOV
ZNLNOOUUF,BNFVZNNFFLPUU,20190622112307,002,000,ION
LLRZRIPOFRVZ,BNFVZNNIUFFIU,20190622112306,002,000,LL
ILFPZUVZFFR,BNFVZNZNUNUIO,20190622112306,002,000,IL
IZIVPLNRUFPP,BNFVZFZOFIORZ,20190622112306,002,000,IZ
VFVUPOIPV,BNUUDUZNVLFVFVPPZUIN,20190622112305,002,000,ION
ZNZVNIVVV,BNFVZNNUZVNVP,20190622112305,002,000,ION
IUPPUOVRI,BNFVZNRVPPUOV,20190622112305,002,000,ION
VILUPOUOR,BNUUZNFZOPUPR,20190622112305,002,000,ION
IIROPPFLUII,BNFVZNLRUVRZL,20190622112304,002,000,II
LNRZIPFOFRL,BURVZNNIUZZOU,20190622112304,002,000,LN
ZNNRNZZOI,BNFVZNNFFLPUU,20190622112304,002,000,ION
LNRZNRIFNVP,BURVZNPVPVIZZ,20190622112303,002,000,LN
ZNZRPZZPI,BNFVZNPPOOIOV,20190622112303,002,000,ION
LPFULIZVRIV,BURVZVUNRLFRL,20190622112303,002,000,LP
ZNFLOLFNO,BNFVZNNFFLPUU,20190622112302,002,000,ION
ZFOZIRVNU,BNUUDUZNZUUZFFOULVUP,20190622112302,002,000,ION
IIFLFLZPVOV,BNFVZNNIUZPFP,20190622112302,002,000,II
ZNFNFVFRI,BNFVZNVPFVVIV,20190622112301,002,000,ION
ZFNIRVLOP,BNFVZFVRPIRZN,20190622112301,002,000,ION
IRIRZNIIVOZ,BURVZNNIUFZOR,20190622112301,002,000,IRI
VLIIUUVUU,BNUUZNPINOION,20190622112301,002,000,ION
NZUPLIVUUZI,BNFVZNNIUFNNF,20190622112300,002,000,NZUP
ILFILFNFVVF,BNFVZVRLVPVNN,20190622112300,002,000,IL
IOVFVNVRUUUU,BURVZNNIUPVUP,20190622112300,002,000,IOV
IIFOZPUVUFI,BNFVZNNIUZPIO,20190622112259,002,000,II
ZFVZRLRLP,BNFVZNFUPPPIO,20190622112259,002,000,ION
IULOUNZNN,BNUUZNZVZVNRR,20190622112259,002,000,ION
ZNOLOLNFN,BNFVZNOLOLUFL,20190622112258,002,000,ION
LURLVPLRUNP,BNFVZVUINZPOO,20190622112258,002,000,LU
VNUPURRPO,BNUUZNRUNVPNI,20190622112258,002,000,ION
VOFNPPOOR,BNUUDUZNVLOVOFPFFNLF,20190622112257,002,000,ION
VOVLVPUUR,BNFVZNNFFLPUU,20190622112257,002,000,ION
IFIUOURRZRR,BNFVZNIRUZRRU,20190622112257,002,000,IF
ZNULFFLUU,BNFVZNIFLOFOF,20190622112257,002,000,ION
IIFOZROFUVF,BNFVZNNIUPRRO,20190622112256,002,000,II
ZNRUFIIFF,BNFVZNVPNPOIN,20190622112256,002,000,ION
ZIVUPUURI,BURVZNLOOVVIZ,20190622112256,002,000,ION
LLRPLFORNUUL,BNFVZFUZNOZOZ,20190622112255,002,000,LL
LLRPVLPPNURZ,BNFVZNNIUPNOU,20190622112255,002,000,LL
ILFZUZOFZFF,BNFVZNNIULIOU,20190622112255,002,000,IL
ZNFOLVUZP,BNFVZNFVIUORU,20190622112254,002,000,ION
IINRFZRRFUL,BNFVZNNIUOVVF,20190622112254,002,000,II
ZNVRIFRPF,BNFVZVFPUZZVL,20190622112254,002,000,ION
IULOUVUNZ,BNUUZNIFNLLVR,20190622112254,002,000,ION
ZNOZZNNRP,BNFVZNZIPIZVN,20190622112253,002,000,ION
IPONIINNPPF,BURVZVUIRLFF,20190622112253,002,000,IPO
LLRRNZRVOUOR,BURVZNOROLUZI,20190622112252,002,000,LL
ZFPFVLLNP,BNFVFUZNZRIURVP,20190622112252,002,000,ION
LLVUIONZPNUL,BURVFFZNZVLPZLL,20190622112252,002,000,LL
VVLFVOVINPPU,BNFVZVUVLZZFU,20190622112252,002,000,VVL
IOUOPUUZRZN,BURVDUZNZUUZFNOFOPVZ,20190622112251,002,000,IOU
ZNFLRZFZO,BNUUDUZNZUUZFNNURRLZU,20190622112251,002,000,ION
IOVFFNZUVOUL,BNFVZNNZFPPLF,20190622112251,002,000,IOV
IIROIUZIPRO,BURVZNPUPFFRU,20190622112251,002,000,II
VROUPNIPU,BNUUVROUZFNLP,20190622112251,002,000,ION
LNRZZVIRONI,BURVZNNIUZPRN,20190622112250,002,000,LN
LZNRFUNLZPFV,BNFVZNVRRVLOV,20190622112250,002,000,LZ
ZNPOIFVLU,BNFVZNOOPZUIZ,20190622112250,002,000,ION
ILFOZLONIFL,BNFVZNNIUFORI,20190622112249,002,000,IL
IOIPRZNIIPNF,BNFVZNNIUFRUU,20190622112249,002,000,IOI
IUPPULIZN,BNFVZNOLVUOPV,20190622112249,002,000,ION
RZONOVUUFNN,BURVZNNIULFOZ,20190622112249,002,000,R
LLRRNULOVIVL,BNFVZFURNPZUI,20190622112248,002,000,LL
ZFNINLNNR,BNFVZNZVIRRVL,20190622112248,002,000,ION
NFUIZORUVNO,BNFVZNNIUZZLU,20190622112247,002,000,NFUI
LZNRLVLVPUUU,BNFVZFOFRFNUP,20190622112247,002,000,LZ
ZNVNNOOZV,BNFVZNNFFLPUU,20190622112247,002,000,ION
IOVFVNLVUIZR,BURVZNRFUVOPP,20190622112247,002,000,IOV
ZFRIOPULZ,BNFVZFUZRUUFVZ,20190622112247,002,000,ION
ZVUNIPFVF,BNFVZVUIINVRR,20190622112246,002,000,ION
LLRRUFLFPFUZ,BNFVZNNIUPIFL,20190622112246,002,000,LL
IIFNROZUUIF,BNFVZNNIUZFNP,20190622112246,002,000,II
ZNVRROUIP,BNFVZNUVUVRNP,20190622112245,002,000,ION
LLRRNIIZLZIF,BNFVZFURNPRIU,20190622112245,002,000,LL
VIPZZNNPIO,BNFVZNOFIRLUR,20190622112244,002,000,VIP
IULOUVFZR,BNUUZNZIVVPZP,20190622112244,002,000,ION
ZNNRNZZOI,BNFVZNFZOLNPR,20190622112243,002,000,ION
ZFNUZPUIR,BURVZNNFFLPUU,20190622112243,002,000,ION
ZNINLNPNF,BNFVZNNFFLPUU,20190622112243,002,000,ION
ZNOUFUUUI,BNFVZNPVUVINI,20190622112243,002,000,ION
ZNUNRZUUV,BNFVZNOFUOFVI,20190622112242,002,000,ION
ZFNOOFIUN,BNFVZNIZPIIRZ,20190622112241,002,000,ION
ZIPPPNUPF,BURVZNRFZUVVF,20190622112241,002,000,ION
ZNRNFOOLO,BNFVZNUVPUNFI,20190622112241,002,000,ION
IOPLUOIOOOUL,BURVZVULUPULN,20190622112240,002,000,IOP
LNVVRZIZIPL,BURVZNRLLUIPV,20190622112240,002,000,LN
ZNZFOPNOR,BNFVZVOZNIFLV,20190622112239,002,000,ION
ZNFFRFUUR,BNFVZNINRZULV,20190622112239,002,000,ION
ZNRLNZIIP,BNFVZFUZRUUOLV,20190622112239,002,000,ION
IIRPRPUVLOO,BNFVZNNROULPR,20190622112239,002,000,II
IZIIONPIIUZR,BNFVZNNIUORVP,20190622112238,002,000,IZ
ZNUPIZUVZ,BNFVZNNFFLPUU,20190622112238,002,000,ION
LLNFNVZPUROZ,BURVZNPNPLRUZ,20190622112238,002,000,LL
ZNIRPLRUO,BNFVZNIFZVILR,20190622112237,002,000,ION
VNNVUFZUP,BNFVZNLZVOONV,20190622112237,002,000,ION
ZNLUZLLFF,BNFVZNOVFVVLV,20190622112237,002,000,ION
ILFZNPZRLIP,BURVZNZFPOOOI,20190622112237,002,000,IL
LZIUNVUIUN,BNFVZNNIUFOIZ,20190622112237,002,000,LZ
IOVFZNNUOZNO,BURVZNNIULPFR,20190622112236,002,000,IOV
ZIZLFZZFI,BNFVZNNFFLPUU,20190622112236,002,000,ION
ILFNPPUPUVR,BNFVZNNIURUPU,20190622112236,002,000,IL
VPVRFLNVN,BNUUZNROLOFLL,20190622112236,002,000,ION
IIFILUPFRIO,BNFVZNNIULVRI,20190622112235,002,000,II
IULOUUFUU,BNUUZNPPPINRI,20190622112235,002,000,ION
VNUIULPIU,BNUUZNFOFLPPI,20190622112235,002,000,ION
IOIPRVZNIPUR,BURVZNNIUFFLR,20190622112234,002,000,IOI
ILFLIPONPLN,BNFVZVULOZULU,20190622112234,002,000,IL
IUVFLNUILUUU,BURVZVUOVZOVO,20190622112234,002,000,IU
ZNVNNPRLU,BNFVZNPFFIOLR,20190622112234,002,000,ION
ZNULUIURN,BNFVZNNFFLPUU,20190622112233,002,000,ION
LZNRILRIUNNN,BNFVZNNIURZZI,20190622112233,002,000,LZ
ILFFNPNZPOU,BNFVZNNIUZIVR,20190622112233,002,000,IL
ZNNNVPRZF,BNFVZNFRZNPRL,20190622112233,002,000,ION
IIFNULPPRLU,BNFVZNNIUZLUP,20190622112233,002,000,II
IOVFVNFONION,BURVZNNIUPFPV,20190622112232,002,000,IOV
ILFLIPVOPIP,BURVZNNIUPZRN,20190622112232,002,000,IL
LNRPPUOULUO,BNFVZVUNLZPPP,20190622112232,002,000,LN
ZNVPNNZOL,BNFVZNVPNNZFL,20190622112232,002,000,ION
INFLNRIFRNN,BNFVZNNIUZFNR,20190622112231,002,000,IN
LLROIOLLLRNO,BNFVZFIVRLVVP,20190622112231,002,000,LL
VNUIULPIU,BNUUZNZZRONPZ,20190622112231,002,000,ION
IULOUVUNZ,BNUUZVUIRZFIP,20190622112230,002,000,ION
ZNVNFRZNP,BNFVZNNUVRRLI,20190622112230,002,000,ION
ILFNZNLZOZR,BNFVZNNURPZRN,20190622112229,002,000,IL
ZIVRLFOPL,BNFVZNNIURUOR,20190622112229,002,000,ION
IOIPRINNLULF,BNFVZNNIUPOVL,20190622112229,002,000,IOI
ILFLIPVOPIP,BURVZNNIUPZRN,20190622112229,002,000,IL
LURIOLOUUOU,BNFVZNLLRNVOO,20190622112228,002,000,LU
ILFLIPVOPIP,BURVZNNIUPZRN,20190622112228,002,000,IL
VNVNPZUFO,BURVVOVUVVRPN,20190622112228,002,000,ION
IOVFZNOPOOOO,BNFVZNNIUPZII,20190622112227,002,000,IOV
ZIPILNIZI,BNFVZNFFNLRUV,20190622112227,002,000,ION
IVLZONROFFO,BNFVZNLOFOFFU,20190622112226,002,000,IV
ZIONNZVVI,BNFVZNLURUFRF,20190622112226,002,000,ION
IIFLPINNRLR,BNFVZNZVLLOLO,20190622112225,002,000,II
VNUPNVINN,BNUUZNIIRIFZL,20190622112225,002,000,ION
ZNZOUULRO,BNFVZNUPNOVZU,20190622112225,002,000,ION
LZNOVNVZLNOVP,BNFVZNNIURRRL,20190622112224,002,000,LZ
LOZNLOUUVR,BURVZNLORVUZI,20190622112224,002,000,LO
RZFNFUPOILO,BURVZNNIUOFUO,20190622112224,002,000,R
VILNZLPVU,BNUUDUZNZUUZFVRVVNII,20190622112223,002,000,ION
IZILURNNNVLN,BURVZNNIURUUF,20190622112223,002,000,IZ
ZNIUUOLFU,BNFVZNIINUUVV,20190622112223,002,000,ION
ZIZUNORUU,BURVZNOUUNFOV,20190622112223,002,000,ION
LZNRVUUNILIIR,BNFVZVOPRUPNI,20190622112222,002,000,LZ
ZNVZZZIRN,BNFVZNVIIVROV,20190622112222,002,000,ION
ZNLZFRZZF,BNFVZNZUROIOI,20190622112222,002,000,ION
LZNOZUNIINVVO,BURVDUZNZUUZFRNFVLZI,20190622112222,002,000,LZ
IIFUPUVNUUF,BNFVZNVPIUORO,20190622112221,002,000,II
IOVFVNLRRRPU,BURVDUZNZUUZIFZVRNNL,20190622112221,002,000,IOV
ILFLOVLFFPR,BNFVZNOZRLUOO,20190622112220,002,000,IL
ZRNLOOUONUU,BNFVZNNIUOUVP,20190622112220,002,000,ZRN
ZNOIPVULP,BNFVZFRZURUPI,20190622112220,002,000,ION
NVUPLPLVOUZ,BNFVZNNIURPPL,20190622112219,002,000,NVUP
LLRZUVFLONPO,BNFVZNNIUZRIR,20190622112219,002,000,LL
ILRNNRZNPPL,BNFVZNNIUFLOP,20190622112219,002,000,IL
PFNOZPVURNINO,BNFVZNNIUPLUU,20190622112218,002,000,PF
ZNFRZIRIN,BNFVZNVULLZUU,20190622112218,002,000,ION
VVNLOULNF,BNUUDUZNVLOVVOOUFURP,20190622112217,002,000,ION
ILFVPRFORUP,BNFVZNZIUZIVI,20190622112217,002,000,IL
LLVURLVOZIUN,BURVZNIIIZVZR,20190622112217,002,000,LL
ZNPVFPZVV,BNFVZNZVZLNUI,20190622112216,002,000,ION
IIFUZRRVNUL,BNFVZNNIUOFUL,20190622112216,002,000,II
IIFRUPIFNNN,BNFVZNNIUFPFL,20190622112216,002,000,II
INFLVPZZPUP,BNFVZNNIUFZPP,20190622112215,002,000,IN
VLVUFFIUZUUL,BURVDUZNZUUZFNIUIPLZ,20190622112215,002,000,VLV
INFLONZONVF,BNFVZNNPNVZLU,20190622112215,002,000,IN
ZNPFPUFNN,BNFVZNNUOPFZN,20190622112214,002,000,ION
VNNVNFVPU,BNFVZNONIFPVR,20190622112214,002,000,ION
ZFRVNNVNI,BNFVZNNFFLPUU,20190622112214,002,000,ION
VIVFVVIPF,BNUUVVIVFNVLO,20190622112213,002,000,ION
ZIOVURRIV,BNFVZNIIIIFPF,20190622112213,002,000,ION
ILFLLZNOZRR,BNFVZNVVVUVPO,20190622112213,002,000,IL
VVLFVZPVIIRV,BNFVZVUNVZOZO,20190622112212,002,000,VVL
VFVRFZZVN,BNUUZVUOIRONI,20190622112212,002,000,ION
VRINOIPLONV,BNFVZNNIUPFIZ,20190622112212,002,000,VR
ILFIPZVFVPO,BNFVZNNIUFFIR,20190622112211,002,000,IL
IRVOOZPLUOI,BNFVZNFRUZLZU,20190622112211,002,000,IRV
ZNZFNFLRL,BNFVFUZNPNPUNPF,20190622112210,002,000,ION
IIRPNRPZILN,BNFVZVUVPRLUN,20190622112210,002,000,II
ZFRLZFZNR,BNFVZNLVIOPIO,20190622112210,002,000,ION
ZNZPUROVU,BNFVZNOZRVRLV,20190622112210,002,000,ION
LURLIUIVRRV,BNFVZVUUPRZVV,20190622112209,002,000,LU
ILFZFZOOFOI,BNFVZNNIULRZU,20190622112209,002,000,IL
IOVFVNRZVRNI,BURVZNVRRIVFR,20190622112209,002,000,IOV
LZNOVNROLZNPO,BURVZNRFUOIRU,20190622112208,002,000,LZ
ZNIPPNOPP,BNFVZNFULNRFR,20190622112208,002,000,ION
ZNRULOIFV,BNFVZNILULZFO,20190622112207,002,000,ION
IOVFFNPPNLII,BURVZNUNUZIFI,20190622112207,002,000,IOV
ZNPPLPVIZ,BNFVZNRPIINUU,20190622112207,002,000,ION
ZNVLZOOVL,BNFVZNLNVONNF,20190622112206,002,000,ION
ZIZNRONUU,BURVDUZNZUUZFRUFRVVF,20190622112206,002,000,ION
ILFVUOPIVIU,BNFVZNNIUFIFO,20190622112206,002,000,IL
LPOUFNFILFI,BNFVZNLRZNNVF,20190622112205,002,000,LP
ZNPOLOORU,BNFVZNROZUVNV,20190622112205,002,000,ION
IUPPUOULP,BURVZNVUOPOII,20190622112204,002,000,ION
ZFVUPVIOF,BNFVZFZRRNROI,20190622112204,002,000,ION
LZNOVUNLFNFLI,BNFVZNNIUPZFL,20190622112204,002,000,LZ
ILZNFPFPLPP,BNFVZNZLRFLLL,20190622112203,002,000,IL
INNUILUIUVU,BNFVZNNIULZOO,20190622112203,002,000,IN
ZIRPNVNPF,BNFVZNFPVNIIP,20190622112203,002,000,ION
IOPLLZPNPRPU,BNFVZNNIUPORO,20190622112202,002,000,IOP
ZNLIZUOFZ,BNFVZNPVROOFR,20190622112202,002,000,ION
ZNZOFRPFI,BNFVZNNFFLPUU,20190622112202,002,000,ION
ZNZFOLNFO,BNFVZNVLILRUZ,20190622112202,002,000,ION
ZNRVFPVLP,BNFVZNRVILRUO,20190622112201,002,000,ION
VNUIULPIU,BNUUZNLFZNUVF,20190622112201,002,000,ION
IVLRFPNRFZF,BURVZNNIUZZIZ,20190622112201,002,000,IV
IZIVURFRRZOO,BNFVZNNOPUNUP,20190622112200,002,000,IZ
LZNOVVVFPFOPF,BNFVZNNIUOZOV,20190622112200,002,000,LZ
ZVZNLOROR,BNFVZNZFOONZU,20190622112200,002,000,ION
ZNLFVZRNU,BNFVZNRZIIOLN,20190622112159,002,000,ION
ZNPNNZLFF,BNFVZNNIURPVV,20190622112159,002,000,ION
LZNRZVLUIFVF,BNFVZNZNURIRN,20190622112159,002,000,LZ
ZNFUFPINP,BNFVZNLNOZIIN,20190622112158,002,000,ION
ZNULRUROR,BNFVZNOUUZZPI,20190622112157,002,000,ION
ZNPNLNOOR,BNFVZNLLPIRZR,20190622112157,002,000,ION
IZIOUUVPLZLU,BURVZNPNZFLRR,20190622112156,002,000,IZ
IPUZRNIRZORZ,BNFVZFURILLFP,20190622112156,002,000,IPU
ZNIIORVFN,BNFVZNNIUZVRO,20190622112156,002,000,ION
LLRIPUNIZIZN,BNFVZFLUINNLR,20190622112156,002,000,LL
ZIPNUPFPR,BNFVZNURLRUVI,20190622112156,002,000,ION
VNNVUFZUP,BNFVZNVZFVNUI,20190622112155,002,000,ION
ZNUUVOOUU,BNFVZNNIURORI,20190622112155,002,000,ION
ZFUNOUOVI,BNFVZNRINIIVP,20190622112155,002,000,ION
ZNZLVIRPR,BNFVZFLUVLUPO,20190622112155,002,000,ION
VNNZIZZUU,BNFVZNNIUPVRZ,20190622112155,002,000,ION
IULOUVUNF,BNUUZNLNVLOLF,20190622112155,002,000,ION
VOILNVUIF,BNFVZNNPPNPPO,20190622112154,002,000,ION
IULOUVLRN,BNUUZNFLOVZOU,20190622112154,002,000,ION
IZIVUNNIOZUV,BNFVZFZOPNVUP,20190622112154,002,000,IZ
ILZNNONRPIZ,BNFVZNUIFVRFU,20190622112153,002,000,IL
LUROOZZRPVZ,BNFVZVULLOFFL,20190622112153,002,000,LU
IIFUZUNRPNI,BNFVZFOFVRFFU,20190622112153,002,000,II
PFNOZPVURNINO,BNFVZNNIUPUIV,20190622112153,002,000,PF
OZLFZLUNNRRU,BNFVZNOOVFLOF,20190622112152,002,000,OZL
VNUILUFPI,BNUUZNZRPLNOP,20190622112152,002,000,ION
VILUPRRNO,BNUUZNZROOOUV,20190622112151,002,000,ION
ZNRFROPFF,BNFVFUZNIUOPZZL,20190622112151,002,000,ION
ZNFZNRPFI,BNFVZNNFFLPUU,20190622112151,002,000,ION
INFPVRLNZNF,BNFVZNNIUFVIU,20190622112151,002,000,IN
ZVLUUNRUP,BURVZNFLIIIIP,20190622112150,002,000,ION
PFRRNOZUVZIR,BNFVZNNIURRLN,20190622112150,002,000,PF
ILFLVFURPOU,BNFVZVUVOFFUI,20190622112150,002,000,IL
ILFFZNPVUVZ,BNFVZNNIUPPLO,20190622112149,002,000,IL
ILFRVIRVFVN,BNFVZNRZIRRII,20190622112149,002,000,IL
LLRIUORZOFZU,BNFVZFURNORZO,20190622112149,002,000,LL
ZNRZOUIZO,BNFVZNZFVUOPU,20190622112149,002,000,ION
ZFVFOFINF,BNFVZNNFFLPUU,20190622112148,002,000,ION
IIFOPUUNPLF,BNFVZNNIUOOFL,20190622112148,002,000,II
IIRRNPPZROV,BNFVZNNIULOFZ,20190622112148,002,000,II
IOIPONOUVVRO,BNFVZFURILURI,20190622112147,002,000,IOI
ZNINVUZUU,BNFVZFZLOIROZ,20190622112147,002,000,ION
ZNRUFOOON,BNFVZNNFFLPUU,20190622112146,002,000,ION
INFLLZNLZFI,BNFVZNFRZRUOI,20190622112146,002,000,IN
LNRFFPZUIVI,BURVZNVRFIILN,20190622112145,002,000,LN
LZNRPVUVOOLR,BNFVZNLLNLNRO,20190622112145,002,000,LZ
VNNZIZZUU,BURVZNNIUZFRI,20190622112145,002,000,ION
ILFZNRIPNNL,BNFVZNNIUFVLI,20190622112145,002,000,IL
ILFVVFOZPZF,BNFVZNNIURFNO,20190622112144,002,000,IL
ILFOFNFIUNL,BNFVZNNIUZLNN,20190622112143,002,000,IL
IULOUNZNV,BNUUDUZNZUUZIFVOUOLL,20190622112143,002,000,ION
ILFOPRPZPUP,BNFVZNNIUPFOU,20190622112143,002,000,IL
IZIIINLVNZNP,BNFVZFUZNPZPO,20190622112143,002,000,IZ
LNLLOIFIPPN,BNFVZNOINVVVR,20190622112142,002,000,LN
ZFOLIRUOP,BNFVZFUZRUFFOZ,20190622112142,002,000,ION
ZILFLFFNL,BNFVZNFNROFZZ,20190622112142,002,000,ION
IIFFIUVUZIF,BNFVZNNIUPIFV,20190622112141,002,000,II
ZFIVOFFNI,BNFVZNNIUFNLN,20190622112141,002,000,ION
ZNINVVRFV,BNFVZNLNRZZRU,20190622112141,002,000,ION
ILFNOROZLOZ,BNFVZFONPLZIU,20190622112140,002,000,IL
VLLZLPRLRZRO,BNFVZNNIUOROI,20190622112140,002,000,VLL
ILFURIPROLL,BNFVZNNIULRZO,20190622112140,002,000,IL
VOFPILZZU,BNUUZNLLIFLLO,20190622112139,002,000,ION
LNRFIZOIUFU,BURVZNIZFLUUU,20190622112139,002,000,LN
IIFUOOVROPV,BNFVZVOLRIVIU,20190622112138,002,000,II
ZIZVUNZNF,BNFVZNIFIPVFP,20190622112138,002,000,ION
VNUUUNONF,BNUUZNULZRUZO,20190622112138,002,000,ION
ZNLRZILUV,BNFVZNNFFLPUU,20190622112137,002,000,ION
ZIFZRPNRV,BURVDUZNZUUZIZLPRVUP,20190622112137,002,000,ION
ILFNOUNPZNF,BNFVZNNIUPVOO,20190622112136,002,000,IL
ZNOUNIRRF,BNFVZNNFFLPUU,20190622112136,002,000,ION
ILFNUZORZIU,BNFVZNNIURONF,20190622112135,002,000,IL
LZNRNFLFPUFP,BNFVZNNIUFUVN,20190622112135,002,000,LZ
IIFFIOPPIZU,BNFVZNPNLVRIO,20190622112135,002,000,II
ILFURNVIUUU,BNFVZNNIUFNFR,20190622112135,002,000,IL
IIRPFOUPFPL,BNFVZNLRUNRNN,20190622112134,002,000,II
ZNLLUFPZF,BNFVZNZZZFRZF,20190622112134,002,000,ION
ZFFRFNVRO,BNFVZNLVNNLUR,20190622112134,002,000,ION
ZNPNVNLLF,BNFVZNUZUUFLL,20190622112133,002,000,ION
ZNFOIUZOZ,BNFVZNLLOLRPP,20190622112133,002,000,ION
VLLZLOPZPOIN,BNFVZNNIULRNP,20190622112133,002,000,VLL
LLRRIPLFNZPP,BNFVZNNIULZRL,20190622112132,002,000,LL
IUPPUNONR,BURVZVULVOORO,20190622112132,002,000,ION
VNUIULPIU,BNUUZNLLPLUNZ,20190622112132,002,000,ION
IOINVLPUOOR,BNFVZNLZZZZNZ,20190622112131,002,000,IOI
ILFNZUNOROO,BNFVZNRPNPPUZ,20190622112130,002,000,IL
VFVVPIOZI,BNUUZNZVLRNPP,20190622112130,002,000,ION
OPVLUOVL,BNFVZFVRZFZLV,20190622112130,002,000,ION
ZVRUOOVZL,BNFVZNFVZVURF,20190622112130,002,000,ION
LLRIUORZOFZU,BNFVZFURNLPUR,20190622112129,002,000,LL
VNNVVVRNI,BNUUDUZNVLOVOIFFFIIU,20190622112129,002,000,ION
ZNIUNZVOR,BNFVZNFOULOZI,20190622112128,002,000,ION
INFNVIZUPRO,BNFVZNFROOINR,20190622112128,002,000,IN
ZNOVVIZNV,BNFVZNNPRUVIV,20190622112128,002,000,ION
ZNORVPNRV,BURVDUZNZUUZFOLVPLPU,20190622112127,002,000,ION
ZNRORLZNV,BNFVZNNIUFONZ,20190622112127,002,000,ION
IOIPFUROOINN,BNFVZFUZNPVVN,20190622112127,002,000,IOI
ZFRURNOPF,BURVZNNZIFOVP,20190622112126,002,000,ION
ZNVNNOOZV,BNFVZNNFFLPUU,20190622112126,002,000,ION
ZNNOIVNRV,BNFVZNZZOLFPP,20190622112126,002,000,ION
VVUIUZPRN,BNUUZNFRRPURZ,20190622112126,002,000,ION
VILLVLZZI,BNUUDUZNVFVVILLVLRPF,20190622112125,002,000,ION
ZNVVIRIZF,BNFVZNRINZFZF,20190622112125,002,000,ION
VVUIUZPRN,BNUUZNRPOPLVV,20190622112125,002,000,ION
IIFFRILVZUP,BNFVZNNIURPNU,20190622112125,002,000,II
ZFIPUVPVF,BURVZNNFFLPUU,20190622112124,002,000,ION
IIIFLVFUVPZ,BNFVZNNIUOZUI,20190622112124,002,000,II
ZNULUZPON,BNFVZNUVIIZVP,20190622112124,002,000,ION
ZNFFUONPF,BNFVZNRUUINRZ,20190622112123,002,000,ION
ZNPORPONI,BNFVZNZZNUVIU,20190622112123,002,000,ION
VNUIUPUIO,BNUUZNZOFVLZF,20190622112123,002,000,ION
LNRZILPIINN,BURVZNRZUONZP,20190622112122,002,000,LN
ZNUVRNVVL,BNFVZNNIULZNI,20190622112122,002,000,ION
ZNVPNZNUO,BNFVZNNOZUZLU,20190622112122,002,000,ION
IOVFFNVIFOLN,BNFVZNVNOZPOO,20190622112122,002,000,IOV
VNUIUPUIO,BNUUZNUURVNOF,20190622112122,002,000,ION
ILFNZORPNIP,BNFVZNNIUPFZV,20190622112121,002,000,IL
IULOUIPNI,BNUUZNPPPIFOZ,20190622112121,002,000,ION
IIFUROUZPIR,BNFVZNPLFNNOU,20190622112121,002,000,II
ZFVILRZOP,BNFVZNNIUPRVL,20190622112120,002,000,ION
ZNRNUNNFF,BNFVZNFPRNPIZ,20190622112120,002,000,ION
VVVLPPORIUN,BNFVZNNIULLUP,20190622112120,002,000,VVV
ZNRRFZPNU,BNFVZNZNFZOUZ,20190622112120,002,000,ION
IOVFVNVUUUVZ,BNFVZNLVUZPRV,20190622112119,002,000,IOV
LLRZFZFLZVUU,BURVDUZNZUUZFVUVIONL,20190622112119,002,000,LL
IIRPURPOUIF,BNFVZNFPONINP,20190622112119,002,000,II
IOVFFNOIVIUN,BURVZNNFFLPUU,20190622112118,002,000,IOV
VVUIUZPRN,BNUUZNPUFFPUZ,20190622112118,002,000,ION
ZNRIRZPVN,BNFVZNNFZNUUU,20190622112117,002,000,ION
ZNZLFIURNVRV,BURVDUIVUUUZNVIURIPU,20190622112117,002,000,ZN
VNUIUPUIO,BNUUZNRROLLOO,20190622112117,002,000,ION
VVRLOFVRU,BNUUZNPFRZOFF,20190622112116,002,000,ION
VNUIUPUIO,BNUUZNIZZIRUL,20190622112116,002,000,ION
ILFRLVFRNOR,BNFVZNNIUPRIU,20190622112116,002,000,IL
IIFPVIPZULF,BNFVZNNIUPPPR,20190622112115,002,000,II
ZNUIZVVRO,BNFVZNNIUZRZF,20190622112115,002,000,ION
VNUIUPUIO,BNUUZNUUUIFUN,20190622112115,002,000,ION
VNUIUPUIO,BNUUZNUUUIFUN,20190622112115,002,000,ION
ZNZPUPUUI,BNFVZNZNRUVZO,20190622112114,002,000,ION
ZNPRFUUFN,BNFVZNFPURIPF,20190622112114,002,000,ION
LLROVVRNZVUV,BNFVZFFNPOVRF,20190622112114,002,000,LL
RZNFNPOFVUV,BURVZNNIULPZF,20190622112114,002,000,R
ZFOFNZFZI,BNFVZFUZRURLLO,20190622112114,002,000,ION
IOIPFLNZUVFV,BNFVZNNIURZIZ,20190622112113,002,000,IOI
ZNFFUVUFU,BURVZNNFFLPUU,20190622112113,002,000,ION
VOPPVLRPLVVU,BNFVZNNIURROR,20190622112113,002,000,VOP
IZUNNUNVUIZU,BNFVZNNIUOVRN,20190622112113,002,000,IZ
ZIRVLFNVF,BNFVZNPRPNVFN,20190622112113,002,000,ION
IIFNLFPLUZI,BNFVZNNRIULLU,20190622112112,002,000,II
ILFNUUPZFOR,BNFVZNNIUPNRN,20190622112112,002,000,IL
VNVFFNUZFURU,BNFVZFURIZVNP,20190622112112,002,000,VNV
LNRFOUIUZLU,BURVZNZZZPNRF,20190622112111,002,000,LN
ZNRLFULNZ,BNFVZNIPPVRUV,20190622112111,002,000,ION
ILFOPPNOOOL,BNFVZNNIULRVP,20190622112111,002,000,IL
ZNRVFPVLP,BNFVZNRVILRUO,20190622112110,002,000,ION
IIRPNRPZILN,BNFVZVUVPRLUN,20190622112110,002,000,II
ZNNOIPPNN,BNFVZVOZFLLRR,20190622112110,002,000,ION
ZNFPPIPUZ,BURVDUZNVLOVVRLOVNIU,20190622112109,002,000,ION
ZVFVIRINL,BNFVZFUZRRVNNU,20190622112109,002,000,ION
ZNZNVOIUU,BNFVZNVNRVPNF,20190622112109,002,000,ION
ZILUPVUPU,BNFVZNNFFLPUU,20190622112109,002,000,ION
LLRRFVOZFLLP,BURVZNZLIZUFZ,20190622112108,002,000,LL
IFVUZORIOON,BNFVZNNIUOLFZ,20190622112108,002,000,IF
LNRFIPIUPFO,BURVZNNIUORPZ,20190622112108,002,000,LN
IINOOPRUZIU,BURVDUZNZUUZIVLVZPII,20190622112107,002,000,II
IOIPRZPPZNLV,BNFVZNNIUONLF,20190622112107,002,000,IOI
ZNOLOLULL,BNFVZNNFFLPUU,20190622112107,002,000,ION
LLRIUORZOFZU,BNFVZFURNIFNF,20190622112107,002,000,LL
LLRZPLUNLPIZ,BNFVZVLIUUIUU,20190622112106,002,000,LL
ZFVIIIIUU,BURVZNNFFLPUU,20190622112106,002,000,ION
IZIRIPLIVIUO,BNFVZFIONNRIP,20190622112105,002,000,IZ
IUPPUUILZ,BURVDUZNZUUZFFOULVUP,20190622112105,002,000,ION
ZNLVOOUFZ,BNFVZNRFPROOV,20190622112105,002,000,ION
ZFFOUUOPOZZF,BNFVZNNIULNIR,20190622112105,002,000,ZFF
ILFFVULNVUL,BNFVZNORUVFIF,20190622112104,002,000,IL
NLUNIIZFZOO,BNFVZNNIUOUNP,20190622112104,002,000,NLUN
VLLZIVVFFRNO,BNFVZNRUNLRUN,20190622112104,002,000,VLL
LIFRFFOFVRNO,BNFVZNNIUZNPN,20190622112104,002,000,LI
ZFVRLUUFU,BNFVZNNIULZZN,20190622112103,002,000,ION
IZUNNUNVUIZU,BNFVZNNIUOOOI,20190622112103,002,000,IZ
IIFZPRIPNNV,BNFVZNNIUZPFF,20190622112103,002,000,II
ZIZLFZZFI,BNFVZNUURFIUU,20190622112102,002,000,ION
ZNZVFLLFP,BNFVZNNFFLPUU,20190622112102,002,000,ION
LNRZFFUVLPI,BURVZNNUUOLIN,20190622112102,002,000,LN
ZNFUZNFIR,BNFVZNONZFOVR,20190622112102,002,000,ION
PPUNIUZFVNPNF,BURVZVUUPPFIO,20190622112101,002,000,PPU
LZVVONOPZON,BNFVZNVIIORIL,20190622112101,002,000,LZ
ZFPFVLLNP,BNFVZNZZULNIN,20190622112101,002,000,ION
IIFRPOVNPVF,BNFVZNNIUORVU,20190622112100,002,000,II
ZNFZZRORR,BURVZNRVRUNIR,20190622112100,002,000,ION
ILFRLFVNOUN,BNFVZNURLZFZR,20190622112100,002,000,IL
VFVRFZZVN,BNUUZVUOIRONI,20190622112059,002,000,ION
ZNIZNRZNP,BNFVZNLUVNUUV,20190622112059,002,000,ION
LIFZZNNUZZUON,BNFVZNZUVRLZU,20190622112059,002,000,LI
ZFFUNNRZR,BNFVZNNIUOVNF,20190622112058,002,000,ION
LFRFUINRVRO,BNFVZNNIUOZLN,20190622112058,002,000,LF
ZNLIFZNUR,BNFVZNPRPFUVV,20190622112058,002,000,ION
ZNFIPOVNN,BNFVZNOZRUIIL,20190622112057,002,000,ION
ZNUUNOPLZ,BURVZNFOVLROP,20190622112057,002,000,ION
LLRROLVZULVL,BNFVZFURIPOVV,20190622112057,002,000,LL
IIFUIVRORLU,BNFVZNVNPVUPV,20190622112057,002,000,II
ZFOZIRVNU,BNUUDUZNZUUZFVZUIZNV,20190622112057,002,000,ION
VZFIUVUFU,BNFVZNNIULPZR,20190622112056,002,000,ION
VLLZVRVPLOLR,BNFVZNPPLINRI,20190622112056,002,000,VLL
LLNLNINZPZRZ,BNFVZNNIUOURZ,20190622112056,002,000,LL
VLLZIIRNVZNF,BNFVZNNIUZUFN,20190622112055,002,000,VLL
VOVRUNUZV,BNUUZNIVFPPLI,20190622112055,002,000,ION
LIFZZNRVIZPFV,BNFVZFURNZZOV,20190622112055,002,000,LI
ILFLVOZINUR,BNFVZNOZRRPRO,20190622112055,002,000,IL
ZFPNLNOVP,BNFVZNNIUZVLL,20190622112054,002,000,ION
LRLUOPZIRR,BNFVZNOOVPNVL,20190622112054,002,000,LR
LLRRNILRLPZF,BNFVZFURIPUFU,20190622112054,002,000,LL
ZNRLNNIVU,BURVZNNFFLPUU,20190622112053,002,000,ION
ZNZVZLFZNNPU,BNFVZNNIUOPNF,20190622112053,002,000,ZN
ZNZOVFLRZ,BNFVZNPNOPFIV,20190622112053,002,000,ION
ZNUIZVRON,BNFVZNRZIVLFU,20190622112052,002,000,ION
ZFOZIRVNU,BNUUDUZNZUUZIIULZFOP,20190622112052,002,000,ION
ILZFPIUZNPR,BNFVZNFPLLROP,20190622112052,002,000,IL
ILFLOVLFFPR,BNFVZNRIZUOIU,20190622112051,002,000,IL
IZIIZVIVPVVI,BNFVZNLZOFRVL,20190622112051,002,000,IZ
LLNLNINZPZRZ,BNFVZNNIUOVRV,20190622112051,002,000,LL
ILFZNUONVUR,BNFVZNOFLUNRP,20190622112051,002,000,IL
LZNRFVPPOUOZU,BNFVZNNIUPLZL,20190622112050,002,000,LZ
ZVULNUFOL,BURVZVUOLRFRZ,20190622112050,002,000,ION
IPUFRVPVUVLF,BNFVZFURNZFPU,20190622112050,002,000,IPU
IIFLPOVNLZL,BNFVZNNIUFNOI,20190622112050,002,000,II
ZNUUVRNUF,BNFVZNNFFLPUU,20190622112050,002,000,ION
IIROIUVLRIF,BURVZNINOULZV,20190622112049,002,000,II
ZNZVLNRIU,BNFVZNNUIRPLV,20190622112049,002,000,ION
ZNLLVLVLV,BNFVZVRULIFPL,20190622112049,002,000,ION
ZFOZIRVNU,BNUUZNFIFPVRP,20190622112049,002,000,ION
IZIIZFPUFPVP,BNFVZNNIUFFRZ,20190622112048,002,000,IZ
ZILLFOZUF,BNFVZNNURZRUR,20190622112048,002,000,ION
ZNUUZNOZR,BNFVZNZVULNLP,20190622112047,002,000,ION
ZNIRUIIRP,BNFVZNIUUOZPN,20190622112047,002,000,ION
ILFLVOOUNRF,BNFVZNNIUPZFR,20190622112047,002,000,IL
IUPPUOVLZ,BURVZVUUNRINU,20190622112046,002,000,ION
ILFUUOLOFVF,BNFVZNNIUOLFL,20190622112046,002,000,IL
LLRPLFFVRRFV,BNFVZNNIURIIL,20190622112046,002,000,LL
ILFUUPRLOZO,BNFVZNNIUFPFV,20190622112045,002,000,IL
ZNZNLNIFO,BNFVZNUVNIOUN,20190622112045,002,000,ION
IIFFRZOPRZV,BNFVZNNIUZUIN,20190622112045,002,000,II
ZNPPROOIL,BNFVZNROULFPI,20190622112044,002,000,ION
ILFVZURNLNP,BNFVZNVPNPNNF,20190622112044,002,000,IL
IUPPULIZN,BNFVZNIRLPVRI,20190622112044,002,000,ION
ZNINRIUZU,BNFVZNPUFRZFR,20190622112044,002,000,ION
ZNZVPNLPF,BNFVZNZFIZFIU,20190622112043,002,000,ION
IZUVLZLZFRRV,BNFVZNNIUONOU,20190622112043,002,000,IZ
LIFFLOLOVLIN,BNFVZNNIUZPZV,20190622112043,002,000,LI
IZUZZLLZUUUN,BNFVZNNIULINV,20190622112043,002,000,IZ
ZFRURNOPF,BURVZNRRZLPPF,20190622112042,002,000,ION
IIVIRONZFIF,BNFVZNFIUFRRR,20190622112042,002,000,II
IINLFIVFZPR,BNFVZNNRRVVNV,20190622112042,002,000,II
ZNOFVPPUO,BNFVZNFRIZNVU,20190622112042,002,000,ION
LNRPZLNUNVU,BURVZNLZNZVII,20190622112041,002,000,LN
IVLILLLRVF,BURVZNUONLFOI,20190622112041,002,000,IV
LLRZUIUIFZRL,BNFVZNNIULIOZ,20190622112041,002,000,LL
VNNLONLZZ,BURVDUZNZUUZIOOLPZIO,20190622112040,002,000,ION
ZNZFZRIPZ,BNFVZNUPNIVFI,20190622112040,002,000,ION
INFPVNUNLRO,BNFVZNNIUFNZU,20190622112040,002,000,IN
ZILPUIFZP,BNFVZNNZOFPLP,20190622112039,002,000,ION
ZNRVFNRFU,BNFVZNIFFUUPV,20190622112039,002,000,ION
IZUNNZNLOOIZ,BNFVZNNVNLUUU,20190622112039,002,000,IZ
IUPPULIZN,BNFVZFFLFZPFR,20190622112038,002,000,ION
IIFRUUZZPLN,BNFVZNZNLFPOV,20190622112038,002,000,II
ZVLNZVIVL,BNFVZNNFFLPUU,20190622112038,002,000,ION
ZNRLPNRLZ,BNFVZNRLLUIOZ,20190622112037,002,000,ION
LLRRLRINRFNO,BNFVFUZNPIVVFOL,20190622112037,002,000,LL
ZNRZZZVFP,BNFVZNNFFLPUU,20190622112037,002,000,ION
LZNORPILFLLVI,BNFVZNPNOURIZ,20190622112036,002,000,LZ
ZNNUFFZNV,BNFVZNUNVUNLF,20190622112036,002,000,ION
ZNZILRPRU,BNFVZNUUIZRZP,20190622112036,002,000,ION
NOUPRVIIVZO,BNFVZNNIUFLFF,20190622112035,002,000,NOUP
VNNLONFZU,BURVDUZNZUUZIIZLRLLO,20190622112035,002,000,ION
IUPPUNONU,BURVZVUINUVVP,20190622112035,002,000,ION
IOVFFNOIVIUN,BURVDUZNZUUZFVOORVIF,20190622112034,002,000,IOV
ZNLZNNRZZ,BNFVZNIILIRRR,20190622112034,002,000,ION
VNNLONFZU,BURVDUZNZUUZIIZLRLLO,20190622112034,002,000,ION
IZUZONFZIUZUO,BNFVZNNIUZIVL,20190622112033,002,000,IZ
ZNOUUORVV,BNFVZFZOPFPVL,20190622112033,002,000,ION
ZIVLZRZUO,BNFVZNPRNZVRL,20190622112033,002,000,ION
VOPPVVNRNIUU,BNFVZNIULLNPN,20190622112032,002,000,VOP
ZIPLONIVO,BNFVZNNFFLPUU,20190622112032,002,000,ION
ZNPUOFVOO,BNFVZNNFFLPUU,20190622112032,002,000,ION
ZFVRVOPLU,BNFVZNNIUFLPF,20190622112032,002,000,ION
IOIPRZNNVNVF,BNFVZFUZNOINN,20190622112031,002,000,IOI
ILFNPNLLNZP,BNFVZNNIULRZI,20190622112031,002,000,IL
ZNPPROOIL,BNFVZNZOZIFIR,20190622112030,002,000,ION
LVURULOOINUU,BNFVZVUIVROZR,20190622112030,002,000,LVU
ZIPLFVOUN,BURVZNRRORLUL,20190622112030,002,000,ION
IIFUIUULIOR,BURVDUZNZUUZILORFFOL,20190622112029,002,000,II
ZNRVLLUFF,BNFVZNZPUUPUR,20190622112029,002,000,ION
VNNLONLZZ,BNFVZNZNOORUZ,20190622112029,002,000,ION
ILFLIOZNRUP,BURVZNNIURPNR,20190622112029,002,000,IL
IULOUVFZU,BNUUZVUIRZFIP,20190622112029,002,000,ION
ZFFRFNVRO,BNFVZFRFPRVOV,20190622112028,002,000,ION
ZILZUVFFZ,BNFVZNPVRVLVL,20190622112028,002,000,ION
IUPPUOZFP,BURVZNRLUZPNZ,20190622112028,002,000,ION
IINPPLLPZIF,BNFVZNNIUFRPP,20190622112028,002,000,II
ILFFVZZUZNN,BURVZNNIULUPN,20190622112027,002,000,IL
IZIIPVFNRVFU,BNFVZNNIUROIO,20190622112027,002,000,IZ
VPVUPOUZU,BNUUZNOVVZZZU,20190622112027,002,000,ION
ZNVLZRPUI,BNFVZNZOFRPFI,20190622112027,002,000,ION
LLRRNRFFINNL,BNFVZNNIULUFU,20190622112027,002,000,LL
LLRRVUVZNVZL,BNFVZNNIULOVP,20190622112026,002,000,LL
ZFVFUVORO,BNFVZFVVFRPIF,20190622112026,002,000,ION
LLRRIPUOUNVU,BNFVZNNIULFOZ,20190622112025,002,000,LL
IIFPRUORLOP,BNFVZNZIPNUFU,20190622112024,002,000,II
ZNOVIRNFL,BNFVZNULFVFZN,20190622112024,002,000,ION
LNRFVPUOPLR,BURVZNPRVZRUP,20190622112024,002,000,LN
ZNOLVPUUP,BNFVZNLRRINUI,20190622112024,002,000,ION
VOVZNFLZR,BNFVZNRLLUPUR,20190622112024,002,000,ION
ILZRNVOPUFZ,BURVZNFNPRLUR,20190622112024,002,000,IL
LFRFUINRVRO,BNFVZNNIUZPFR,20190622112023,002,000,LF
IULOUNZNI,BNUUZNUFUUVVL,20190622112023,002,000,ION
IOVFVNIZVPLI,BNFVZNZZLLFRZ,20190622112022,002,000,IOV
ZNILUZUZO,BNFVZNNNNRUFR,20190622112022,002,000,ION
IIFUIVRORLU,BNFVZNVNPVUPV,20190622112022,002,000,II
LVURROZRVOUR,BNFVZNNIUFLUL,20190622112022,002,000,LVU
LLROVVVUROPL,BURVZVUNNUPFR,20190622112021,002,000,LL
ILFFUFPPLVR,BNFVZNZOUUUUP,20190622112021,002,000,IL
IIFUPUVNUUF,BNFVZNFRUFLNZ,20190622112021,002,000,II
ZIOVURRIV,BNFVZNFPFZVIV,20190622112020,002,000,ION
ZNRFULVUF,BURVDUZNZUUZFZLIVFRZ,20190622112020,002,000,ION
LLRPPROVRRUU,BNFVZFUZNLFZF,20190622112020,002,000,LL
ZNRLRUVIR,BNFVZNUFFPURP,20190622112020,002,000,ION
IIFRRPPPFPV,BNFVZNNIUOZPN,20190622112019,002,000,II
VNNLONFZU,BURVDUZNZUUZIIZLRLLO,20190622112019,002,000,ION
VNNLONFZU,BURVDUZNZUUZIIZLRLLO,20190622112019,002,000,ION
IOVFZNRVILNR,BNFVZNNIULOLL,20190622112019,002,000,IOV
ILFFIVZZPNF,BNFVZNNIULRII,20190622112018,002,000,IL
VNNLONFZU,BURVDUZNZUUZIIZLRLLO,20190622112018,002,000,ION
LLRRILNUVFIV,BNFVZFURNRZZL,20190622112018,002,000,LL
ZFPNZUUUO,BNFVZFFVLNNRZ,20190622112017,002,000,ION
ZFPZIIZPN,BNFVZFRRIVFZU,20190622112017,002,000,ION
LFRUFFNVPOI,BURVZNNIULZUU,20190622112016,002,000,LF
ILFVOLRFRUF,BNFVZNNIUOOOL,20190622112016,002,000,IL
LLRZFLULPIPR,BNFVZNNIURZLV,20190622112016,002,000,LL
VNNVUFZUP,BNFVZNNNIUUUL,20190622112015,002,000,ION
ZNOFPUZVP,BNFVZNVPULFFR,20190622112015,002,000,ION
ZNVUUNPZO,BNFVZNNIUFNPP,20190622112015,002,000,ION
LURFRLIVUFU,BNFVZNNIUORZZ,20190622112015,002,000,LU
ZNZVUPUIO,BNFVZNLRIIFRZ,20190622112014,002,000,ION
LLRROPZVFIRZ,BNFVZNNIUZPFF,20190622112014,002,000,LL
ZNVFILFIN,BNFVZNRORPPLU,20190622112014,002,000,ION
ILFIUZVVULV,BNFVZNVPZZNNP,20190622112014,002,000,IL
ZNPOURVOV,BNFVZNRRZZVRV,20190622112013,002,000,ION
IVLFFVUUPZU,BURVZNFVUIINL,20190622112013,002,000,IV
ZNNOZULOR,BNFVZNNOPUNUP,20190622112012,002,000,ION
ZNIPUURNR,BURVDUZNZUUZFNVVZVZO,20190622112012,002,000,ION
ZNZUUFUNU,BNFVZNZFPNFRI,20190622112012,002,000,ION
ZNZPOVVFV,BNFVZNRORPRFU,20190622112011,002,000,ION
LNVVRZINROZ,BURVZNUOVZNOL,20190622112011,002,000,LN
VPZVLOUUU,BNFVZNNIURNII,20190622112010,002,000,ION
IOZPZOONONLV,BNFVZNNIUPFPF,20190622112010,002,000,IOZ
VIILUVUUU,BNUUDUZNVLOVIILURIUU,20190622112010,002,000,ION
IOVFRNNULFFN,BNFVZVUURVPRR,20190622112009,002,000,IOV
IOVFFNZNVRZN,BNFVZNOOFZVVU,20190622112009,002,000,IOV
LLNVILUFIUUN,BNFVZFURNRONI,20190622112009,002,000,LL
ZNFFOIUNN,BURVDUZNVLFVNLNVNPLV,20190622112008,002,000,ION
ILFRVIRVFVN,BNFVZNRZIRRII,20190622112008,002,000,IL
ILFRLRURZNN,BNFVZNNIUPOUF,20190622112007,002,000,IL
ZFNVIUPIV,BNFVZVRORIINV,20190622112007,002,000,ION
ZVLNZVIVL,BNFVZNNFFLPUU,20190622112007,002,000,ION
IIFRUUNZZRP,BNFVZNVFOOFNN,20190622112007,002,000,II
ZNORVPNRV,BURVDUZNZUUZFFOFVLLF,20190622112007,002,000,ION
IIFVRRRUFOR,BNFVZNNIURPRR,20190622112006,002,000,II
VOFFUNUVO,BNUUDUZNVLOVOFPFFNLF,20190622112005,002,000,ION
ZFRRVVORN,BNFVZFUZRUUVLF,20190622112005,002,000,ION
ZNRFNRRFF,BNFVZNVZIZIVR,20190622112005,002,000,ION
INFNNPLNRUN,BNFVZNNIUOOUN,20190622112005,002,000,IN
ZNIOUROII,BNFVZNRIUFZPL,20190622112004,002,000,ION
ILFNURZIPLI,BNFVZFLVLPULU,20190622112004,002,000,IL
ZNIVOLORF,BNFVZNNFFLPUU,20190622112003,002,000,ION
IIFILIFULNO,BNFVZNZZFPOIU,20190622112003,002,000,II
LLRLFPLOVLLN,BNFVZNFPULPOU,20190622112002,002,000,LL
IIFUNLNZUZI,BNFVZNROUFZIL,20190622112002,002,000,II
INFORUZRPIR,BNFVZNNIURIOR,20190622112002,002,000,IN
INFIIRUINOV,BNFVZNIVOPPOV,20190622112002,002,000,IN
VZVOOVVIR,BNFVZNNFFLPUU,20190622112001,002,000,ION
LLROUUNVIPNI,BNFVZNNIUZLRZ,20190622112001,002,000,LL
ZNPLNVPZP,BNFVZFVOIUOLZ,20190622112001,002,000,ION
IIFIOZLOZRV,BNFVZNZIIVRIV,20190622112001,002,000,II
IZIVRUVLIRUF,BNFVZNLLVUPRO,20190622112000,002,000,IZ
ZNLOIPIIO,BNFVZNZFFIIVR,20190622112000,002,000,ION
ZNNZZVFOZ,BNFVZFLOVPONI,20190622111959,002,000,ION
VOPPFLOZUVFR,BNFVZNUFONFRU,20190622111959,002,000,VOP
LLRRRZRFNZFZ,BNFVZFUZNIFOO,20190622111959,002,000,LL
IPOZZFPPNPRR,BNFVZNOFRNVNP,20190622111959,002,000,IPO
ZNPUFOZZL,BNFVZNZRLVRRP,20190622111958,002,000,ION
LLNONIVZIZVF,BNFVZFUPNPFUR,20190622111958,002,000,LL
ZNILUZUZO,BNFVZNNFFLPUU,20190622111958,002,000,ION
ZFVILFLPU,BURVZNFRVPPRP,20190622111957,002,000,ION
LLRPNUIOUZLL,BNFVZNNIULIOI,20190622111957,002,000,LL
ZNULOFRLP,BNFVZNNRRLLRI,20190622111956,002,000,ION
VRINUUNILLP,BNFVZNNIULPVU,20190622111956,002,000,VR
ZNUUNOPLZ,BURVZNRZVVNZP,20190622111956,002,000,ION
ZFPFIFPLP,BNFVZNPVLRVNV,20190622111956,002,000,ION
ZFOFNZFZI,BNFVZFUZRURLIN,20190622111955,002,000,ION
IVLZFFURRUN,BURVZNNIULUUI,20190622111955,002,000,IV
ZNVLLLOUO,BNFVZNLNRIPUN,20190622111955,002,000,ION
LLRRUIPOPRUN,BNFVZFUZNIIPR,20190622111954,002,000,LL
ILFLOVLFFPR,BNFVZNRIZUOIU,20190622111954,002,000,IL
ILFRNVFNFPP,BNFVZNNIUFOFL,20190622111954,002,000,IL
ILFRINLNFLF,BNFVZNNIUZNUU,20190622111953,002,000,IL
ZNUILLUIZ,BNFVZNLZFFRPU,20190622111953,002,000,ION
LZNRFLNOLRIPP,BNFVZNNIUPZZR,20190622111953,002,000,LZ
ILFRNVFNFPP,BURVZNNIUFOFL,20190622111952,002,000,IL
ZFRRNILFP,BNFVZNFPZLNVV,20190622111952,002,000,ION
VNVLNPOFF,BURVZNNFFLPUU,20190622111952,002,000,ION
LNRFLFPFINV,BURVZNVUIPOIU,20190622111952,002,000,LN
ZNVPPPLLZ,BNFVZNVRZIFLV,20190622111951,002,000,ION
ZNZPVNFFU,BNFVZNNFFLPUU,20190622111951,002,000,ION
ZNOFFNNUV,BNFVZNZRPUNRZ,20190622111951,002,000,ION
ZNFUIVVIZ,BNFVZNULZOPOR,20190622111950,002,000,ION
VPZOZUIVL,BNFVZNLNFIPPV,20190622111950,002,000,ION
IULOUNIOF,BNUUZNOFRNVNP,20190622111950,002,000,ION
ILFNPVPRNFU,BNFVZNNIUFNRO,20190622111950,002,000,IL
ILZIOLRZFZV,BURVZNNNRLZPP,20190622111949,002,000,IL
ZNFUOOPLV,BNFVZNZLUIRFV,20190622111949,002,000,ION
LLROPUNUVIIZ,BNFVZNNIUFZRR,20190622111949,002,000,LL
ZNUVULPUL,BNFVZNNFFLPUU,20190622111949,002,000,ION
ILFRNVFNFPP,BURVZNNIUFOFL,20190622111948,002,000,IL
VFVVPNOOU,BNUUZNLZNLVNF,20190622111948,002,000,ION
ZFPNIPPFU,BNFVZNILRLFFI,20190622111948,002,000,ION
ILFIPOFOIPO,BNFVZNNIULVOR,20190622111948,002,000,IL
IOIPRLLVVNUU,BNFVZFUZNZZFI,20190622111947,002,000,IOI
LLRIPLRFRRIF,BNFVZVUVZUFFF,20190622111947,002,000,LL
IIFNUNLLOVP,BNFVZNPOFLFPP,20190622111947,002,000,II
IINRNUVURIV,BNFVZNFFVLIFI,20190622111946,002,000,II
IOVPIZONO,BURVZNNIUFNUU,20190622111946,002,000,ION
ILFRNPPVZPR,BNFVZNNIUPVUZ,20190622111946,002,000,IL
OOILIIUINZOO,BNFVZNZZZFUOI,20190622111945,002,000,OO
ILFRNVFNFPP,BURVZNNIUFOFL,20190622111945,002,000,IL
IIRPIFURLLF,BNFVZNFRVRNNR,20190622111945,002,000,II
IOVFVNIULPFV,BURVZNPZZINON,20190622111945,002,000,IOV
LLVUIPOFLOVV,BURVDUZNZUUZFVLOIFVZ,20190622111944,002,000,LL
ILFRNVFNFPP,BURVZNNIUFOFL,20190622111944,002,000,IL
RZNIIPPPZPZ,BURVZNNIUFNUF,20190622111944,002,000,R
ZNROPROLZ,BNFVZNZLZPLLU,20190622111943,002,000,ION
LNRPZVNRIPF,BURVZNNIUPVIV,20190622111943,002,000,LN
IULOUVFZO,BNUUZNNFZNLUU,20190622111943,002,000,ION
IIRRRFRLFII,BNFVZNNIUFROL,20190622111942,002,000,II
ILFVIULNIUN,BNFVZNNIURZUP,20190622111942,002,000,IL
LZNOVNLFVIIVP,BNFVZFNUOZZPV,20190622111942,002,000,LZ
ZNLNROOIR,BNFVZNNRRZVLN,20190622111941,002,000,ION
LZNRLNZVVFPR,BNFVZNILOPPFF,20190622111941,002,000,LZ
ZNZVFFNFV,BNFVZNLRUFLZO,20190622111941,002,000,ION
ZNUVFNLUL,BNFVZNZFFUNNZ,20190622111940,002,000,ION
ZNFUVUIUV,BNFVZNUVVOOUI,20190622111940,002,000,ION
ZRRZPFZURPULV,BURVZVUUFLZNF,20190622111940,002,000,ZRR
ZNRVUPNVZ,BNFVZNVZOVNLL,20190622111940,002,000,ION
IOVFFNNUUPPO,BURVDUZNZUUZFVRUFFNV,20190622111939,002,000,IOV
ZFIPNZFZO,BNFVZNPZOVNRU,20190622111939,002,000,ION
IPOZPILIFVF,BNFVZNNIURULL,20190622111938,002,000,IPO
IOVFFNPINLFL,BURVZNOLFIZNR,20190622111938,002,000,IOV
ZIVPPLNNI,BNFVZNZPIRRNP,20190622111937,002,000,ION
ZNLNVLPFO,BNFVZNPOUULRL,20190622111937,002,000,ION
LLROPRINOORF,BURVZNIONUONI,20190622111937,002,000,LL
INFNNPPVONN,BNFVZNFVNVRPZ,20190622111936,002,000,IN
IPOZNNNRLOUU,BNFVZNNIULZOP,20190622111936,002,000,IPO
IIFPZUVOIRL,BNFVZVUULONUZ,20190622111936,002,000,II
IINLFIVFZPR,BNFVZNNRRNVVV,20190622111935,002,000,II
ZIZPRVFVU,BNFVZNLFURPLP,20190622111935,002,000,ION
VNNVUFZUP,BNUUZNPPVIILO,20190622111935,002,000,ION
ILFZZLUVUVN,BNFVZNNIUORPU,20190622111934,002,000,IL
ZNRVZPUOF,BURVZNRULRIVV,20190622111934,002,000,ION
ZNULZOVFI,BNFVZNLRZZURR,20190622111933,002,000,ION
IZIRIZULVRPP,BNFVZNIIIIPLZ,20190622111933,002,000,IZ
NFUVLFFZPNI,BNFVZNPLOOUOP,20190622111933,002,000,NFUV
INFVVUPOULU,BNFVZNNIUROOU,20190622111933,002,000,IN
ZNZINUUPN,BNFVZNVULZLRZ,20190622111933,002,000,ION
ILFPVNLUNLU,BNFVZNNIURFPP,20190622111932,002,000,IL
LLRPPROFFFRP,BNFVZNNIULFZO,20190622111932,002,000,LL
IIFVROLPNUN,BNFVZNNIUOFFI,20190622111932,002,000,II
LURLZNNFVRI,BURVZNLROLOZZ,20190622111931,002,000,LU
ZNOFUFOFN,BNFVZNNRPUVLU,20190622111931,002,000,ION
LLRLOOUVPLFI,BNFVZFUZNZNIZ,20190622111931,002,000,LL
ZNRFONOUU,BNFVZNPRZNRVP,20190622111930,002,000,ION
ILFFNFFINPN,BNFVZNNIUOINL,20190622111930,002,000,IL
ZIZOINPNP,BNFVZNILONNOU,20190622111930,002,000,ION
ILFRVPIFLUU,BNFVZNNIUPIPL,20190622111929,002,000,IL
LLRRZFFRIOVZ,BNFVZNNIULVUF,20190622111929,002,000,LL
ZNFIUVNLN,BNFVZNVOVIFUN,20190622111929,002,000,ION
ZIPFVPUVI,BNFVZNOUPIVZR,20190622111929,002,000,ION
ILFIZZPLURN,BNFVZNFOPORRZ,20190622111928,002,000,IL
ZNOLLNNZU,BNFVZNUNOILLL,20190622111928,002,000,ION
ZNFPLIRPL,BNFVZNPPPPZZO,20190622111928,002,000,ION
LZNRVPPPPZLN,BNFVZNNIUFPVV,20190622111927,002,000,LZ
LOVPRFPOZP,BNFVZNNIUPFOZ,20190622111927,002,000,LO
ZFNOILNUU,BNFVZNNOFZVRV,20190622111927,002,000,ION
ILFURLNFFFV,BNFVZNNIURLIO,20190622111927,002,000,IL
VVFNOPRUU,BNUUZNPUNUVLI,20190622111927,002,000,ION
ZNRLONUPL,BNFVZNNIUPNZU,20190622111926,002,000,ION
ZIROVRNNN,BNFVZFFLOFVFL,20190622111926,002,000,ION
ZNZOZZRIZ,BNFVZNOOVOZPF,20190622111926,002,000,ION
VNNLONLZZ,BNFVZNPFZIUZO,20190622111926,002,000,ION
ZNOUVLPIL,BNFVZNONOVIPO,20190622111925,002,000,ION
IIFNFZIOOVO,BNFVZNPRNIZFR,20190622111925,002,000,II
IVLRZZNIFVF,BURVZNNIUFVPF,20190622111925,002,000,IV
IUPPULNOI,BNFVZNPRIVRPI,20190622111924,002,000,ION
ILFRPRRRUVN,BNFVZNNIUOZUL,20190622111924,002,000,IL
VNVULORNV,BNUUDUZNVLOVNUNOORIV,20190622111924,002,000,ION
ZNZZOLIUV,BURVZNNUUIFUN,20190622111923,002,000,ION
RZPPORFNPIP,BURVZNNIUPLVO,20190622111923,002,000,R
ZFNVVNFNF,BNFVZNPLRZZRO,20190622111923,002,000,ION
ZIOVLOPRP,BURVZNPPZOROZ,20190622111922,002,000,ION
ZNZVVZULR,BNFVZNFRVIIRI,20190622111922,002,000,ION
ZNRINFNLN,BURVDUZNZUUZINLZILVU,20190622111921,002,000,ION
LZNRFRVNZPFZF,BNFVZFRIPZRFU,20190622111921,002,000,LZ
ZNIINRZOZ,BNFVZFILFRRRR,20190622111921,002,000,ION
ZNVVFPFUZ,BNFVZNVLFVINI,20190622111920,002,000,ION
ZNLIUVLRU,BNFVZNOPLLIPU,20190622111920,002,000,ION
ZNILUZUZO,BNFVZNNNNRUFR,20190622111920,002,000,ION
NINUZRRZINR,BNFVZNNIULPFZ,20190622111919,002,000,NINU
LLROFNOLOUOR,BNFVZNNIUOFVZ,20190622111919,002,000,LL
ZNUVLRNFP,BNFVZNNUIRPFL,20190622111919,002,000,ION
LLRRLRLNNRPV,BNFVZNNIUFLFF,20190622111918,002,000,LL
LZNRFUNRRFPP,BNFVZVOZOFRRU,20190622111918,002,000,LZ
IOIPRVZIIUNU,BNFVZNNIUOUON,20190622111917,002,000,IOI
ZFVLIURUF,BNFVZNNIUZZZF,20190622111917,002,000,ION
LLNVILUFNZVV,BNFVZNNIUZUOO,20190622111917,002,000,LL
LLRZNRFNNNFV,BNFVZFUZNPIOV,20190622111916,002,000,LL
LURONFNNLIU,BNFVZVUULINOO,20190622111916,002,000,LU
IIFLNPPORFL,BNFVZNNIUPOVN,20190622111916,002,000,II
ZILVFLIZR,BURVZNVZRINFV,20190622111916,002,000,ION
IZILUUNVIONR,BNFVZFLPZNVUF,20190622111915,002,000,IZ
LLNVILUFUIUF,BNFVZNNIULNUU,20190622111915,002,000,LL
ZFPZULPZF,BNFVZFPZULPZO,20190622111915,002,000,ION
ZNZPVNFFU,BNFVZNUFFORNV,20190622111914,002,000,ION
LLROVNULPPLR,BNFVZFURIZZUF,20190622111914,002,000,LL
ZRNOFNOFLORN,BNFVZNVVUUULN,20190622111914,002,000,ZRN
IULOUIOPL,BNUUZVUILROOF,20190622111914,002,000,ION
ILFZOIZNIZZ,BNFVZNNIULIRL,20190622111914,002,000,IL
ZFRNPIZUP,BURVZNLVOPLOO,20190622111913,002,000,ION
IIRFVNVRVVN,BNFVZNNIUFVLR,20190622111913,002,000,II
ZNILUFVIR,BNFVZNFLNLZUV,20190622111912,002,000,ION
ILZNNVIVIUO,BURVZVUVZFVZO,20190622111912,002,000,IL
LLRZFZZNILUR,BNFVZNNIURIII,20190622111912,002,000,LL
ZNLVLFPUU,BNFVZNOPRZIRU,20190622111911,002,000,ION
ZNFNLLNRZ,BNFVZNNFFLPUU,20190622111911,002,000,ION
VNNVUFZUP,BNUUZNRFOLPPF,20190622111911,002,000,ION
ZNRPIPINI,BNFVZNVONZFPN,20190622111911,002,000,ION
ZIOURVINP,BNFVZNNFFLPUU,20190622111910,002,000,ION
LLNVILUFLNIV,BNFVZFUFNFLPP,20190622111910,002,000,LL
ZIZIPVVZF,BNFVZNFNLFZRO,20190622111910,002,000,ION
ZIPVONIOR,BNFVZNFLFUPNR,20190622111909,002,000,ION
LLNNIINLONUP,BNFVZNRUFLNUF,20190622111908,002,000,LL
IVLZRFPINIL,BURVZNNIURNZO,20190622111908,002,000,IV
ZNRPZZRZU,BNFVZNZFFUILL,20190622111908,002,000,ION
ZFFFONRUP,BNFVZNNFFLPUU,20190622111907,002,000,ION
ZNZUUUNIU,BNFVZFIULIZRZ,20190622111907,002,000,ION
LLRPPFZOLRPP,BNFVZFFPNUUNF,20190622111907,002,000,LL
ZNUNORVUF,BNFVZNUNOIZRU,20190622111907,002,000,ION
IIFLILVUZNZ,BNFVZNNIULOOL,20190622111906,002,000,II
ILFRFNLZUFI,BNFVZNNIUOOOI,20190622111906,002,000,IL
VFVUPOIPV,BNUUDUZNVLFVFVPPZUIN,20190622111905,002,000,ION
IOVFVNINOPOI,BURVZNNIUZULI,20190622111905,002,000,IOV
ILZNNVIVIUO,BURVZVUVZFVZO,20190622111905,002,000,IL
LZNROULVLULV,BNFVZFLZNZRZI,20190622111904,002,000,LZ
VILUPIOFR,BNUUZNRZRURIV,20190622111904,002,000,ION
ZNFNLLNRZ,BNFVZNIOULLRF,20190622111904,002,000,ION
IIFURFOOPUU,BNFVZNNIUFZIN,20190622111904,002,000,II
ZILFRVVVR,BNFVZNNFFLPUU,20190622111903,002,000,ION
IVLPFVVIUVN,BNFVZNLVLVIIV,20190622111902,002,000,IV
ILFRNVFNFPP,BURVZNNIUFIFO,20190622111902,002,000,IL
