VILFLLUZU,BURVDUZNVLOVNZIPRNLO,20190628235959,002,000,ION
ZFOZIRVNU,BNUUZNPVROOPV,20190628121229,002,000,ION
ZFOZIRVNU,BNUUZNVRFOFRI,20190628121229,002,000,ION
IIFIFFOIPRI,BNFVZNNNNPRIZ,20190628121229,002,000,II
ILFUULRNLNO,BNFVZNZOVNLFO,20190628121229,002,000,IL
VNUILLPUN,BNUUZNOIUZNZV,20190628121229,002,000,ION
VOPPLLOFROPZ,BNFVZNRUVLFRR,20190628121229,002,000,VOP
LLVURIVZUUIV,BNFVZNNIURZUR,20190628121228,002,000,LL
LNRZOIVFRPL,BURVZNVNVNLRN,20190628121228,002,000,LN
ZFVNOVLFF,BNFVZFUZRUFZUO,20190628121228,002,000,ION
OOVNILNIPIRF,BNFVZNROFPNPI,20190628121228,002,000,OO
LLROPORRVIOR,BNFVZFURIOLUN,20190628121228,002,000,LL
IIRPNZUVZPR,BNFVZNPUFPFVR,20190628121228,002,000,II
ZNVUUUNVP,BNFVZNNFFLPUU,20190628121228,002,000,ION
ZNIZVZLLO,BNFVZNLUVONUL,20190628121228,002,000,ION
LLRRRVFVZIOO,BURVDUZNZUUZIOONLZPV,20190628121228,002,000,LL
VNUIIULUF,BNUUDUZNVLOVOIVRRVNO,20190628121228,002,000,ION
OONNVPVRZRZZ,BNFVZFUZNPNIL,20190628121227,002,000,OO
LLRLLPLRUOPN,BNFVZFURIOIUF,20190628121227,002,000,LL
ZNLVPIFIO,BNFVZNFPOLULU,20190628121227,002,000,ION
VNUIVRRLL,BNUUZNLNPVNUU,20190628121227,002,000,ION
VNUINNRVL,BNUUZNLUVINPR,20190628121227,002,000,ION
IUPPUPFRP,BURVZNNIUFZIF,20190628121227,002,000,ION
ZNFULNFOR,BNFVZFZFZOPRI,20190628121227,002,000,ION
LNVNZFIZINZ,BURVVNNZOUOUU,20190628121227,002,000,LN
IIFINOIVFFU,BNFVZNIFNLVPL,20190628121227,002,000,II
VNUIVPILL,BNUUDUZNZUUZFVNUULIF,20190628121227,002,000,ION
VOVRUNUIV,BNUUZNVPPPZPR,20190628121227,002,000,ION
ZVPUVVRVF,BNFVZNNIUZOVF,20190628121226,002,000,ION
ZNZIORLOR,BNFVZNOFLPZUU,20190628121226,002,000,ION
VNLILVLNU,BNUUDUZNZUUZFFVZNZIU,20190628121226,002,000,ION
VNULNZLVV,BNUUZNFIZOPLU,20190628121226,002,000,ION
ZFOZIRVNU,BNUUZNVLPRFIU,20190628121226,002,000,ION
IIFFUIPRPOZ,BNFVZNNIULRNR,20190628121226,002,000,II
IZIIILNLINUO,BNFVZNNIUZLZU,20190628121225,002,000,IZ
LLRZUFNZRPNU,BNFVZFUZNZNON,20190628121225,002,000,LL
VNUIUPONO,BNUUZNOZROVLF,20190628121225,002,000,ION
VNIZLILUU,BNUUZVUVNFIOP,20190628121225,002,000,ION
VNUNZIUVO,BNUUZNOPPPPFL,20190628121225,002,000,ION
ILZIONIIUPR,BNFVZNNIURNUO,20190628121225,002,000,IL
VNUIFZZUV,BNUUZNONUIVRU,20190628121225,002,000,ION
INFVVZRILLO,BURVDUZNZUUZILUNURIN,20190628121224,002,000,IN
ZIONUIIOP,BURVDUZNZUUZFIORFNRP,20190628121224,002,000,ION
IOPOULFFUVLU,BNFVZNNIUFFZZ,20190628121224,002,000,IOP
ZNIRUZUVZ,BNFVZNOIUIZNL,20190628121224,002,000,ION
VNUIFZZUV,BNUUZNOUFOUUN,20190628121224,002,000,ION
IIFIIIZRUUZ,BNFVZNFUFLIFL,20190628121224,002,000,II
ILFVUZPPFLI,BNFVZNFFFUOPV,20190628121224,002,000,IL
ZNORUOZZU,BNFVZVRVLIFIL,20190628121224,002,000,ION
INFNOFFPFNU,BNFVZNNIUFORI,20190628121224,002,000,IN
ZFOZIRVNU,BNUUZNNZLNLNV,20190628121224,002,000,ION
ZFOZIRVNU,BNUUZNPLUOINZ,20190628121224,002,000,ION
ZFOZIRVNU,BNUUZNPPVFVFV,20190628121224,002,000,ION
ZFOZIRVNU,BNUUZNZPNLLVP,20190628121224,002,000,ION
ZFOZIRVNU,BNUUZNILFPZZZ,20190628121224,002,000,ION
VNULPOOUU,BNUUDUZNVLOVOILVIZOU,20190628121224,002,000,ION
ZIRNONFIV,BURVZNVPONFPO,20190628121223,002,000,ION
ZNVVLRNVV,BNFVZNNIUPOLZ,20190628121223,002,000,ION
ILFRLNIURRF,BURVDUZNZUUZFFZVNPPL,20190628121223,002,000,IL
ZNIVLOUFF,BNFVZNNFFLPUU,20190628121223,002,000,ION
VNUIIRPPI,BNUUZNVRLRPLL,20190628121223,002,000,ION
LLNFNFFULUPI,BNFVZNNIUZZPR,20190628121223,002,000,LL
ZNILUNORZ,BNFVZNUUPVROP,20190628121223,002,000,ION
ZNFUVUIUV,BNFVZNZRZFVUU,20190628121223,002,000,ION
VNUIIORNZ,BNFVZNNFFLPUU,20190628121222,002,000,ION
VOFPLUUOU,BNFVZNZUOFOON,20190628121222,002,000,ION
VOVRUNUIV,BNUUZNLZNVPIF,20190628121222,002,000,ION
ILFIPROPFOP,BNFVZNRPNVOOP,20190628121222,002,000,IL
VNULNZLVV,BNUUZNRLPIUOP,20190628121222,002,000,ION
VNUILIRVN,BNUUZNZRILVRI,20190628121222,002,000,ION
VNNLOUNZI,BNUUZNRFURLRF,20190628121222,002,000,ION
ILZPFUFURRN,BNFVZNNIULNZV,20190628121222,002,000,IL
ZNLVZVFFR,BNFVZNNONNNIL,20190628121221,002,000,ION
VLLZVOLLVRPF,BNFVZNZPLFOLL,20190628121221,002,000,VLL
PFNUNUNUNVIL,BURVZNNIULFFL,20190628121221,002,000,PF
INFLZZLUONP,BNFVZNNIURVNI,20190628121221,002,000,IN
ZNPIRZOUI,BNFVZNPNUNUOU,20190628121221,002,000,ION
VNNLONLZZ,BNFVZNRIUIPFU,20190628121221,002,000,ION
VNUIVVNLI,BNUUZNVUVUNPF,20190628121221,002,000,ION
LLNIVILNIVNU,BURVDUZNZUUZIRPPRNIN,20190628121220,002,000,LL
ZILZVVRVP,BURVDUZNVLFVNRVUUUUN,20190628121220,002,000,ION
VNIPLZUIP,BNUUZNVZOZZLO,20190628121220,002,000,ION
ZIIPUIOFL,BURVZNLVLZOPU,20190628121220,002,000,ION
LLRPVRVZOROP,BNFVZNNIUFZOP,20190628121220,002,000,LL
ILZNFZPZNPV,BNFVZNPVLNOIO,20190628121220,002,000,IL
IOVVRZZUNZZNZ,BNFVZNNIUZFLL,20190628121220,002,000,IOV
VNUIULPIU,BNUUZNFPRRLLO,20190628121220,002,000,ION
LLRLRUFIVRZV,BNFVZNNIUOPNZ,20190628121220,002,000,LL
INFLPVZRZUL,BNFVZNNIUOFPR,20190628121220,002,000,IN
VIZUZFZNO,BNUUZNROUVOOV,20190628121220,002,000,ION
VIVPNIPIR,BNUUVIVUZPZOF,20190628121219,002,000,ION
IIFNUPUILIZ,BNFVZNPPLFPLR,20190628121219,002,000,II
ILFVRUVOPVO,BNFVZNNIUFONR,20190628121219,002,000,IL
ZNILPPNPI,BNFVZNOIZNZRL,20190628121219,002,000,ION
ZFOZIRVNU,BNUUZNOUULPFL,20190628121219,002,000,ION
LZNFIZRPLZUR,BNFVZNNIUOUUR,20190628121219,002,000,LZ
ZNLLIRFRPIRN,BNFVZIUNVNVPI,20190628121219,002,000,ZN
IRFFFUNIO,BNFVZNFUZRNRV,20190628121218,002,000,ION
VILNPVNPV,BNUUDUZNVLOVILNUNPLN,20190628121218,002,000,ION
ILFFRVUZOPU,BNFVZIUNNVUIO,20190628121218,002,000,IL
IUPPUUILZ,BURVZNRFRPVFN,20190628121218,002,000,ION
IUPPNUOVI,BNFVZNUZIIORU,20190628121218,002,000,ION
VNIVLVUNI,BNUUZNROIURLV,20190628121218,002,000,ION
LLVURIPZOVVU,BNFVZNNLUVNIO,20190628121218,002,000,LL
ZINLFVUIV,BURVDUZNZUUZINLFVUUO,20190628121218,002,000,ION
ZFOZIRVNU,BNUUZNFNUORNO,20190628121218,002,000,ION
ZNPOULULU,BNFVZNLORRLRR,20190628121218,002,000,ION
VNUIVNVII,BNUUZNZUZVZUR,20190628121218,002,000,ION
VNUIUIVUR,BNUUZNPVONUFP,20190628121218,002,000,ION
ZILUUNLFR,BURVDUZNZUUZIFUPUZZF,20190628121217,002,000,ION
ZNZORLUIZ,BNFVZNNFFLPUU,20190628121217,002,000,ION
ZIIIUUUNU,BNFVZFPRIIRUU,20190628121217,002,000,ION
ZFNINOZVN,BNFVZNNFFLPUU,20190628121217,002,000,ION
IZIPUVPOFRIL,BNFVZNNIULFOL,20190628121217,002,000,IZ
ILFFRVUZOPU,BNFVZIUNNVUIO,20190628121217,002,000,IL
OONNVNFUPNPO,BNFVZFURNFUZO,20190628121217,002,000,OO
ZIINLNNZP,BNUUZNLLIINFR,20190628121217,002,000,ION
VNUIFZZUV,BNUUZNRNNUNFR,20190628121217,002,000,ION
ZIPOZUFIF,BNFVZNFOZVULR,20190628121217,002,000,ION
ZVUNLOVLZ,BNFVZFRRNIFFU,20190628121217,002,000,ION
ZILVVNPUL,BNFVZFVZLPROL,20190628121217,002,000,ION
IIFPIPONINU,BNFVZNOPIFORP,20190628121217,002,000,II
IOIPRVIVLLII,BNFVZNNIULLIO,20190628121216,002,000,IOI
IUPPUZUUI,BURVZNPUZOUUL,20190628121216,002,000,ION
IOIPRFLUPPPI,BNFVZNNIUOFLZ,20190628121216,002,000,IOI
VNNLOLUUU,BNUUDUZNZUUZFRVPRPZN,20190628121216,002,000,ION
VNUIIULUF,BNUUZNLIVVFLU,20190628121216,002,000,ION
ZIRPUVOPI,BNFVZNZRPPPPU,20190628121216,002,000,ION
VNULPOOUU,BNUUZNRFIVNLZ,20190628121216,002,000,ION
ILZIIZUOLPZ,BURVDUZNVFNVINONZOUU,20190628121216,002,000,IL
IZUOORZLPVRR,BURVZNNIUFLZV,20190628121216,002,000,IZ
ZNNRLOVVO,BNFVZNNUNOVFI,20190628121215,002,000,ION
LLRIRZIVPION,BNFVZNNIUFIPR,20190628121215,002,000,LL
ILFIPUUZRUO,BNFVZNNIUOUNN,20190628121215,002,000,IL
ZNIVPPOVU,BNFVZNRPOOLFI,20190628121215,002,000,ION
VNUIVRRLL,BNUUDUZNZUUZFOLONFOP,20190628121215,002,000,ION
ZNRPVVOZR,BNFVZNONFPZPL,20190628121215,002,000,ION
VNUIVNOUL,BNUUZNVUURVPO,20190628121215,002,000,ION
VNUNVIPII,BNUUZNFRRUIUI,20190628121215,002,000,ION
VNUILLPUN,BNUUZNLRFVNNN,20190628121215,002,000,ION
ILZOVIIPOUU,BNFVZNRPLRRLZ,20190628121215,002,000,IL
LLRPRZLULORL,BNFVZNNIUFULP,20190628121214,002,000,LL
ZNOIORRUR,BNFVZFZPOORUR,20190628121214,002,000,ION
ZFOZIRVNU,BNUUZNVNZRONL,20190628121214,002,000,ION
ILFLORIZLNV,BNFVZNNIUOZFI,20190628121214,002,000,IL
ZFOZIRVNU,BNUUZNRRFPFUF,20190628121214,002,000,ION
ILFVRONFVRV,BNFVZNNIULPRU,20190628121214,002,000,IL
VINIUOURV,BNUUZNZVIZUVN,20190628121214,002,000,ION
VNUIUZIFF,BNUUZNNNINLNI,20190628121214,002,000,ION
VNUINVOLN,BNUUZNNULILLL,20190628121214,002,000,ION
VILVPVLIL,BNUUDUZNVLOVILPLUFUU,20190628121213,002,000,ION
IIRFZVLNOIL,BNFVZNULOPUVO,20190628121213,002,000,II
IUPPULIZN,BNFVZNUUURPLN,20190628121213,002,000,ION
LLVPZUNFZOUU,BNFVZNNIULNVU,20190628121213,002,000,LL
OONNZLINIRVIN,BNFVZFURIINLR,20190628121213,002,000,OO
LNRZVIRONOU,BURVZNLOPIPZO,20190628121213,002,000,LN
IIFPVNVFINR,BNFVZNLUURPZF,20190628121213,002,000,II
VNNVNNRZO,BNUUDUZNZUUZIOIPPOLO,20190628121213,002,000,ION
VNUNZIUVO,BNUUZNPPOURUF,20190628121213,002,000,ION
LZNONFIRZNFPP,BURVDUZNZUUZFOOUIPZZ,20190628121213,002,000,LZ
LLNVUFVNNNLU,BURVZNRVFIVZI,20190628121212,002,000,LL
ZNIIOOLIL,BNFVZNIUIVNRR,20190628121212,002,000,ION
ILFVOOLIOZR,BNFVZNNIUZRRV,20190628121212,002,000,IL
ZFVOULRUF,BURVZNIIVFNPI,20190628121212,002,000,ION
ZRLIIROZLUR,BNFVZNNIUFLPV,20190628121212,002,000,ZRL
VNNVUFVOU,BNUUZNPIZUNZF,20190628121212,002,000,ION
ILFFULRIVLR,BNFVZNNIUZPLI,20190628121212,002,000,IL
VFZUPOIIL,BNUUVFZUZPUFI,20190628121212,002,000,ION
ZNFILOLLR,BURVDUZNZUUZFVFZRFIU,20190628121212,002,000,ION
ZFOZIRVNU,BNUUZNIVNONFL,20190628121212,002,000,ION
ZNPNVOIFP,BNFVZNLVVVOLL,20190628121211,002,000,ION
LLRLOFUZRRFF,BNFVZFURNFFPP,20190628121211,002,000,LL
LZRNNRURIUNIP,BURVDUZNVLFVVFUPURFN,20190628121211,002,000,LZ
VVUPVNOIF,BNUUDUZNVLOVFIPOZROO,20190628121211,002,000,ION
VVULUVIFV,BNUUDUZNVLOVNRZZIFFO,20190628121211,002,000,ION
ZFRORRONI,BNFVZFIVVVVNU,20190628121211,002,000,ION
LZNRULPPURLU,BURVZNNIUZUUU,20190628121211,002,000,LZ
ZNOOLZNFN,BURVZNVZRIIOI,20190628121211,002,000,ION
OONNLUUIZNZV,BNFVZNNIUZVUN,20190628121211,002,000,OO
IIFLFLPRINI,BNFVZNNIURONO,20190628121211,002,000,II
VNUIVPILV,BNUUZNUFVZZPL,20190628121211,002,000,ION
ZIRLPZRPR,BNFVZNURRUFPR,20190628121211,002,000,ION
ZNFPOUZPZ,BNFVZNPVOPOON,20190628121210,002,000,ION
ZNRLLFVZZ,BNFVZNZVOVFIR,20190628121210,002,000,ION
ZNIFOUPPN,BNFVZFOOUUVLO,20190628121210,002,000,ION
IZILZPNNVVLF,BNFVZFZIZLZFO,20190628121210,002,000,IZ
VNUIFZZUV,BNUUZNVZZRLNP,20190628121210,002,000,ION
ZNIOUPIRR,BURVZNFVZFPLU,20190628121210,002,000,ION
NPOOIIUPFOI,BNFVZNROFFNFN,20190628121210,002,000,NPOO
LLNVNVPOLLOP,BNFVZNNIULINR,20190628121210,002,000,LL
IUUUURFUU,BNUUZNRLIFNRR,20190628121210,002,000,ION
ZFOZIRVNU,BNUUZNROLIZZL,20190628121210,002,000,ION
VNUUOFRUU,BNUUZNZVLUNPV,20190628121210,002,000,ION
VNUIVNOUL,BNUUZNUPFIPRZ,20190628121210,002,000,ION
IUPPNNONL,BNFVZNZNRNLRN,20190628121209,002,000,ION
IIFVFOPORFL,BNFVZNNIULLZF,20190628121209,002,000,II
ZNRLROURN,BNFVZNLPIVFVP,20190628121209,002,000,ION
IUPPUPRNZ,BURVDUZNZUUZIVPNNFRR,20190628121209,002,000,ION
VILFNNRUU,BNFVFUZFRIFNNPN,20190628121209,002,000,ION
VNUIUPONO,BNUUZNOZROVLF,20190628121209,002,000,ION
ZRNOUFZLRRNU,BNFVZNRLPZOFO,20190628121209,002,000,ZRN
LZNFVVFLIZOO,BNFVZNNIUZVPV,20190628121209,002,000,LZ
VNUIFZZUV,BNUUZNLPRVILO,20190628121209,002,000,ION
ZFRFURNNU,BNFVZNIZUIZUR,20190628121209,002,000,ION
VNUIFZZUV,BNUUZNFIIPLIR,20190628121209,002,000,ION
VIPUPNINZ,BNUUDUZNVLFVIZPIOLNL,20190628121208,002,000,ION
ZIFVIRNUV,BURVZNNFFLPUU,20190628121208,002,000,ION
ILFUZRZVIFI,BNFVZNOFUVVLO,20190628121208,002,000,IL
VNUIFZZUV,BNUUZNLUZUILI,20190628121208,002,000,ION
IPOZPNPFVRRL,BURVZNFZUVVVP,20190628121208,002,000,IPO
LPVVIPZRNPO,BNFVZFOONROIZ,20190628121208,002,000,LP
VNIZIIUZU,BNUUZNZRIPFUR,20190628121208,002,000,ION
ZNZVFFVZO,BNFVFUZNFIVFULI,20190628121208,002,000,ION
ZIINLNNZP,BNUUZNPRPNLOU,20190628121208,002,000,ION
ZIINLNNZP,BNUUZVVURIVFZ,20190628121208,002,000,ION
LVNZNNFNPZZP,BNFVZFUZNRVRU,20190628121207,002,000,LVN
VOFNPVNLO,BNUUZNINZNNOZ,20190628121207,002,000,ION
ZFPZRFPPO,BNFVZNNFFLPUU,20190628121207,002,000,ION
VOIURPVFO,BNFVZNNFFLPUU,20190628121207,002,000,ION
ZIINLNNZP,BNUUZNPOIRIRV,20190628121207,002,000,ION
VZFVLUPVV,BNUUZNFRORION,20190628121207,002,000,ION
ZNLPPVPNF,BURVZNLNLIVFR,20190628121207,002,000,ION
LNRFFPILLLV,BNUUZNNPOZOOZ,20190628121207,002,000,LN
ZFRORRONI,BNFVZFIVVVVNU,20190628121206,002,000,ION
ZVUOLUOUN,BURVZVUIOLPUI,20190628121206,002,000,ION
VNZPLRUOU,BNUUVNUZPFZON,20190628121206,002,000,ION
IUPPUZUUI,BNFVZNPUZOUUL,20190628121206,002,000,ION
IIFLOIVRLPO,BNFVZNLPZLPIF,20190628121206,002,000,II
VNUILLPUN,BNUUZNRNZFLRR,20190628121206,002,000,ION
IIFNRIVNROI,BNFVZNLROPIOO,20190628121206,002,000,II
ZNNUOFPPR,BNFVZNRUIVUPL,20190628121206,002,000,ION
ZIPIPVUPL,BNFVZNZZNNPPP,20190628121206,002,000,ION
LLNVVRRZVRZV,BURVDUZNVLOVOVIRRNPR,20190628121206,002,000,LL
OOONZZPUZPVPN,BNFVZNNIULVRO,20190628121205,002,000,OO
VINLVIORV,BNFVZNVURRLZI,20190628121205,002,000,ION
IOZPPFZUFLII,BNFVZNNIURLIU,20190628121205,002,000,IOZ
VNIPLZUIP,BNUUDUZNZUUZIONIIRNV,20190628121205,002,000,ION
ZFRNIRFVU,BNFVZNILUURZO,20190628121205,002,000,ION
IVLROZLFIVF,BURVDUZNZUUZFLURUZZP,20190628121205,002,000,IV
IIFRNOLLLPP,BNFVZNNIUPNNV,20190628121205,002,000,II
IZIONUPLIRVU,BNFVZNOZLNPNO,20190628121205,002,000,IZ
LNFVOOZLZUL,BNUUZNLVRVIFU,20190628121205,002,000,LN
VNUIUPOIP,BNUUZNNPPUVVR,20190628121205,002,000,ION
ZFNINOZVN,BNFVZNNFFLPUU,20190628121204,002,000,ION
LLROUNRNVLIF,BNFVZFURIIIFO,20190628121204,002,000,LL
ZFOZORNUU,BNFVZFUZRUUIOI,20190628121204,002,000,ION
ZNOLVOZIF,BNFVZNPNVPIRF,20190628121204,002,000,ION
LNRZFFURNPU,BURVZNVIFZRZZ,20190628121204,002,000,LN
ILFFLVIZUPL,BNFVZNILFOPON,20190628121204,002,000,IL
OZUFZUFRVIUP,BNFVZNNIUOLLP,20190628121204,002,000,OZU
ZFOZIRVNU,BNUUZNFPFZNLF,20190628121204,002,000,ION
ZFOZIRVNU,BNUUZNOOVRUIU,20190628121204,002,000,ION
ZFOZIRVNU,BNUUZNVNZIRRZ,20190628121204,002,000,ION
ZFOZIRVNU,BNUUZNNZRNNIV,20190628121204,002,000,ION
ZFOZIRVNU,BNUUZNLFNLIFU,20190628121204,002,000,ION
ZFOZIRVNU,BNUUZNFVNPIIP,20190628121204,002,000,ION
ZFOZIRVNU,BNUUZNRUOOIPO,20190628121204,002,000,ION
VVLFVPIVPNUO,BNFVZVUVPOIIP,20190628121204,002,000,VVL
ZNVIUFLPZ,BNFVZNVOVIFUN,20190628121203,002,000,ION
IIFNIRUNFVI,BNFVZNPVPUIFP,20190628121203,002,000,II
ZNZLUFZOO,BNFVZFIUZNFUL,20190628121203,002,000,ION
ZIRNLIIRF,BNFVZNRPFOUOV,20190628121203,002,000,ION
VOVRUNUIV,BNUUZNRUVPFON,20190628121203,002,000,ION
ZNPORRZFF,BNFVZFLRFRZIU,20190628121203,002,000,ION
IUPPUOULU,BURVDUZNZUUZIFZPZPRI,20190628121203,002,000,ION
LNOFVFROOPU,BURVDUZNVLFVLLOLOUOF,20190628121203,002,000,LN
IUPPULIZN,BNFVZNUNZUFZO,20190628121203,002,000,ION
IINPVPPUVOP,BNFVZNFRRVRPV,20190628121202,002,000,II
LLRZIZNZZIVZ,BNFVZNULRUVPO,20190628121202,002,000,LL
VOIIURVUU,BURVDUZNZUUZFROZZLOR,20190628121202,002,000,ION
VNUIUZIFF,BNUUZNUPVPNIU,20190628121202,002,000,ION
IOVFZNFOLOOP,BURVDUZNZUUZFFFVIPIU,20190628121202,002,000,IOV
ZFVUROLII,BNFVZNNIUZVPZ,20190628121202,002,000,ION
LNRZRNRFVPZ,BURVZNVOPPROV,20190628121202,002,000,LN
VOPPVUFVRVPU,BNFVZNPPPPZFP,20190628121202,002,000,VOP
VNUIUZIFF,BNUUZNURLZLLI,20190628121202,002,000,ION
LLVUPZRZNROZ,BURVDUZNVLOVVIRLLPVR,20190628121201,002,000,LL
VILNZNULF,BNUUZNVRNIRLV,20190628121201,002,000,ION
LLRLNIRFZZFZ,BNFVZFURIIUZO,20190628121201,002,000,LL
IVVFLZVZVI,BURVDUZNVLOVNVVLLLVF,20190628121201,002,000,IV
VNUINUVFR,BNUUZNOZROVLF,20190628121201,002,000,ION
ZNRVVLRZV,BNFVZNIIVFLOO,20190628121201,002,000,ION
VNIVLVUNI,BNUUZNROIURLV,20190628121201,002,000,ION
ILFURNUUIPO,BNFVZNNIUOURR,20190628121201,002,000,IL
ZNLIZUUIZ,BNFVZNNFFLPUU,20190628121200,002,000,ION
ZFPIPLOVF,BNFVZVFNRPIOP,20190628121200,002,000,ION
VNNOZROZU,BURVZNNIULFFR,20190628121200,002,000,ION
VNINNNVRR,BNUUDUZNZUUZFRFIIZLN,20190628121200,002,000,ION
VNUIIRPPI,BNUUZNPFPLVZL,20190628121200,002,000,ION
ZNUVVUUUU,BNFVZNUVVUUUL,20190628121200,002,000,ION
VNULNIORP,BNUUDUZNVLFVFOOIZFIU,20190628121200,002,000,ION
NZNLVFUIRVU,BNFVZNNIURPLN,20190628121200,002,000,NZNL
IOVFZNRFNPNF,BURVZVUULLLIP,20190628121200,002,000,IOV
ZVUIPFROF,BNFVZNNIUOIPZ,20190628121159,002,000,ION
,BURVZNNIUZVNV,20190628121159,002,006,UNKNOWN
ZFRORRONI,BNFVZFIVVVVNU,20190628121159,002,000,ION
ILFUZLVRIVI,BNFVZNIIPOZNR,20190628121159,002,000,IL
VNNLONLZZ,BNFVZVULURLUU,20190628121159,002,000,ION
ZNZPPLZFF,BNFVZNUNFNUIV,20190628121159,002,000,ION
VNUZIIUUU,BNUUZNLORILPV,20190628121159,002,000,ION
VNUIFZZUV,BNUUZNLRUORNV,20190628121159,002,000,ION
VNOZRFRUZ,BNUUZNULRLRVR,20190628121159,002,000,ION
ILFFLIPILVP,BNFVZNNIUFPLN,20190628121158,002,000,IL
VNNVUROLU,BURVDUZNZUUZFPUIFUNR,20190628121158,002,000,ION
IIZRUNRNVPR,BNFVZNNIUFURU,20190628121158,002,000,II
VNUIUVURP,BNUUZNUFVUONN,20190628121158,002,000,ION
LZNRNZZNVUUI,BNFVZNNIURIVP,20190628121158,002,000,LZ
IRFIZIUNL,BNFVZNZLOUVNR,20190628121158,002,000,ION
ILFIPVUPIVI,BURVDUZNZUUZFLVLPFON,20190628121158,002,000,IL
VLLZLVNIPFOZ,BNFVZNPPNFZVZ,20190628121158,002,000,VLL
ZFFPUPNIU,BNFVZFUZRUFPZP,20190628121157,002,000,ION
VLLZVLNVZNVF,BNFVZNOLRIVFL,20190628121157,002,000,VLL
IRIFZOZOPUP,BURVZNULNNLVP,20190628121157,002,000,IRI
ZFRURNOPF,BURVZNIUVIZUN,20190628121157,002,000,ION
VPZIPNFUU,BNFVZNNIUPLOI,20190628121157,002,000,ION
IZILRNRNVORF,BNFVZVUOPZNUF,20190628121157,002,000,IZ
VNUIVNVRO,BNUUZNZLZRUUU,20190628121157,002,000,ION
VNUIOVORI,BNUUDUZNVFVVOIIVNFPU,20190628121157,002,000,ION
ZFIZOIOPL,BURVDUZNZUUZILVIOPOL,20190628121157,002,000,ION
ZIINLNNZP,BNUUZNZZINUUR,20190628121157,002,000,ION
ZIINLNNZP,BNUUZNOZNNIRL,20190628121157,002,000,ION
LLRPVOPUZNPZ,BNFVZNIOPUIUL,20190628121157,002,000,LL
IOIPRNPVNIZN,BNFVZNVLLUIIU,20190628121156,002,000,IOI
ZNZNFROPOZPR,BNFVZNNIURZON,20190628121156,002,000,ZN
IOIVNLVOZVUU,BURVZNUIFLZUU,20190628121156,002,000,IOI
VNUILLPUN,BNUUZNUZUNFPZ,20190628121156,002,000,ION
VNNVURUIP,BNUUVNOPUNFUR,20190628121156,002,000,ION
ZIONUIIOP,BURVDUZNZUUZFIORFNRP,20190628121156,002,000,ION
ZNRUPRULV,BNFVZNNFFLPUU,20190628121156,002,000,ION
ILFRVVNRIUO,BURVDUZNZUUZIRUNIRNI,20190628121156,002,000,IL
VNUINFVRL,BNUUDUZNZUUZFOFFVOPN,20190628121156,002,000,ION
VNLNRPUIP,BNFVZNRIVPNVN,20190628121155,002,000,ION
ZFRIFNZLU,BNFVZNRIIVNVN,20190628121155,002,000,ION
VNNLONLZZ,BNFVZNZLZFORN,20190628121155,002,000,ION
ILZFIULNFUU,BNFVZNNIUFIRN,20190628121155,002,000,IL
IZUNNZLNRFPL,BNFVZNZNFIZOR,20190628121155,002,000,IZ
LLRRVNIORUUU,BNFVZNUOLNNUV,20190628121155,002,000,LL
VNUINNRVL,BNUUZNNZVVIUF,20190628121155,002,000,ION
ZNULVUVPO,BNFVZNZPVZRZU,20190628121155,002,000,ION
ZFOZIRVNU,BNUUZNVVUUPRR,20190628121155,002,000,ION
ZFOZIRVNU,BNUUZNRLPIIIO,20190628121155,002,000,ION
ZFOZIRVNU,BNUUZNIINZVFR,20190628121155,002,000,ION
ZFOZIRVNU,BNUUZNFLOOOUV,20190628121155,002,000,ION
VVFNOPRUU,BNUUZNPUNUUZF,20190628121155,002,000,ION
ZFOZIRVNU,BNUUZNFURIZNZ,20190628121155,002,000,ION
LLRZNINZUORP,BNFVZNNIULPUU,20190628121155,002,000,LL
ZNOIVVZII,BNFVZNROPRLUU,20190628121154,002,000,ION
VFVPINRLL,BNUUVFVUZZUNN,20190628121154,002,000,ION
ZNUOVPILF,BNFVZNNIUZZPI,20190628121154,002,000,ION
ZNVULVNZR,BURVDUZNVLOVNFUPNZFI,20190628121154,002,000,ION
ILFUUNIOURO,BNFVZNNIULLVR,20190628121154,002,000,IL
IIFOPLPFUPI,BNFVZNNIULVNR,20190628121154,002,000,II
ZNFUPPVFR,BNFVZNZVRUUUP,20190628121154,002,000,ION
VNIVINLFU,BNUUDUZNZUUZIIZUVNNI,20190628121154,002,000,ION
VNUIULPIU,BNUUZNLOPZLRR,20190628121154,002,000,ION
ILFILRIPFNP,BNFVZNNIURPVV,20190628121153,002,000,IL
ZNZPRFPPFLVR,BNFVZVUNUUVRN,20190628121153,002,000,ZN
IZUVLOURVUNR,BNFVZNNIURVIN,20190628121153,002,000,IZ
ZFPULZFFU,BNFVZNRRZRFUO,20190628121153,002,000,ION
IUPPUUILZ,BURVDUZNZUUZILFRPPPV,20190628121153,002,000,ION
ILFOPZVPRNI,BURVVVUZVURPV,20190628121153,002,000,IL
VVZLIOPOU,BNFVZNNNRPFZO,20190628121153,002,000,ION
VNUIUPVRN,BNUUZNOZPLPPP,20190628121153,002,000,ION
VFNINZIZL,BNUUZNFNVNPVN,20190628121153,002,000,ION
IZUVPPZUIUVO,BNFVZNRVZZVLL,20190628121153,002,000,IZ
IOIPIUIIOIIP,BURVDUZNZUUZIRIZNVFR,20190628121152,002,000,IOI
ZNRRLLLZO,BURVDUZNVLOVOOLNUOUU,20190628121152,002,000,ION
ZIVFPULVO,BURVZNNZZRVLO,20190628121152,002,000,ION
ZNLOFLIIO,BNFVZFUZRUFPUV,20190628121152,002,000,ION
VNUIFZZUV,BNUUZNVVZVLVZ,20190628121152,002,000,ION
VNUIUZIFF,BNUUZNULZUUUZ,20190628121152,002,000,ION
VNUIUZIFF,BNUUZNURVNNFO,20190628121152,002,000,ION
VNNVNOUUV,BNUUZNFNPOVUU,20190628121152,002,000,ION
ILFZUUONLVP,BNFVZNNIUFRNL,20190628121152,002,000,IL
ZFOZIRVNU,BNUUZNLURIVIZ,20190628121152,002,000,ION
ZFOZIRVNU,BNUUZNOFFNUPI,20190628121152,002,000,ION
VNUINVOLN,BNUUZNUUILIRI,20190628121152,002,000,ION
ZNVUUUNVP,BNFVZNFPUVZOZ,20190628121151,002,000,ION
LRZNFVLNFU,BNFVZNLRNONRP,20190628121151,002,000,LR
ILFLUUNUNOV,BNFVZNNIUPLZO,20190628121151,002,000,IL
ZFZUFRPUO,BNFVZFUZRUUOLL,20190628121151,002,000,ION
VPVVLLUUU,BNUUZNOOVIRZP,20190628121151,002,000,ION
VNUIUPIFP,BNUUZNUNUNFOV,20190628121151,002,000,ION
VOIOPUURU,BNFVZNUROVZUR,20190628121151,002,000,ION
ILFFRZVOUZP,BNFVZNNIUOORI,20190628121151,002,000,IL
ZNRZRLOIR,BNFVZNNFFLPUU,20190628121151,002,000,ION
ILFIZRUVIUR,BNFVZNNIURIPZ,20190628121151,002,000,IL
ZVFIFNNNV,BURVZNNIULRUV,20190628121150,002,000,ION
IOIPRNUNRLUI,BNFVZNNIUPOFV,20190628121150,002,000,IOI
IVLRVPPZILP,BURVZNNIUOUVO,20190628121150,002,000,IV
IZUZFNRVPIFZ,BNFVZNVVPFNFR,20190628121150,002,000,IZ
ZNRUNPVNP,BNFVZNRNLFOOR,20190628121150,002,000,ION
LVURRIUUVOII,BNFVZNNIURION,20190628121150,002,000,LVU
ZNVUIFFIR,BNFVZNVUIFLIZ,20190628121150,002,000,ION
ILFURPIVFZL,BNFVZNNIULRRV,20190628121149,002,000,IL
IZIINRFUOFNI,BNFVZNPFIZNFN,20190628121149,002,000,IZ
ILFNOOVLLNN,BNFVZNNIUORFI,20190628121149,002,000,IL
VVUPUPZFF,BNUUZNRONNUFF,20190628121149,002,000,ION
ZFFFUVOPP,BURVDUZNZUUZFLLILUFF,20190628121149,002,000,ION
ZNOIRNFPP,BNFVZNNIUFVUO,20190628121149,002,000,ION
ZNUUPOPNN,BNFVZNFNPUIIN,20190628121149,002,000,ION
ZNRLRPZLU,BNFVZNNIURNVV,20190628121149,002,000,ION
ILFUNLFNUUU,BNFVZNNIULORR,20190628121149,002,000,IL
VNUIVZOFL,BNUUDUZNVLOVVOONULUF,20190628121149,002,000,ION
ILFURNZOVNP,BNFVZNLUVLZFI,20190628121148,002,000,IL
ILFURPUZZVI,BNFVZFPLVPRUV,20190628121148,002,000,IL
ZNIVLOUFF,BNFVZNPZROFVN,20190628121148,002,000,ION
VNUIVNOUL,BNUUZNUUOVPVO,20190628121148,002,000,ION
IUPPUPRVP,BNFVZNIIRVUNU,20190628121148,002,000,ION
ILZILPPFULL,BNFVZNZNPPZNP,20190628121148,002,000,IL
VNUIIRUNV,BNUUZNFINNROO,20190628121148,002,000,ION
ILFRUOVIOOI,BNFVZNRILFLFO,20190628121148,002,000,IL
ZIINLNNZP,BNUUZNFFOFRUV,20190628121148,002,000,ION
ZIINLNNZP,BNUUZNLLLPVZF,20190628121148,002,000,ION
ZIINLNNZP,BNUUZNUFURFPL,20190628121148,002,000,ION
IPOZNOVORRZN,BURVZNZUNZIZP,20190628121147,002,000,IPO
ILFIRFNFFPN,BNFVZNNIULNLR,20190628121147,002,000,IL
VVUPUVZPO,BNUUZNRZNPLIV,20190628121147,002,000,ION
ZNVUUFIIR,BNFVZNNIUZLVF,20190628121147,002,000,ION
IIFPLPLLIVN,BNFVZNNIUOLRR,20190628121147,002,000,II
VNUIIORUV,BNUUZNLZLIVUI,20190628121147,002,000,ION
VLLZZIIZUUVV,BNFVZNNIURONP,20190628121147,002,000,VLL
VVIIVFRON,BURVDUZNVLFVVZZLVFUR,20190628121147,002,000,ION
VNNVULUVU,BNUUZNVVNIIIN,20190628121147,002,000,ION
VNUNZIUVO,BNUUZNZUNUNLP,20190628121147,002,000,ION
ILFFIOZNZPZ,BURVZNFRUNRZO,20190628121146,002,000,IL
IOIPRFVLZNRF,BNFVZFURNLLPO,20190628121146,002,000,IOI
LZNRPIZLOUUU,BNFVZFPRNPPFZ,20190628121146,002,000,LZ
IRIFPUNUVPP,BURVZNNIUZRFF,20190628121146,002,000,IRI
VNUILLPUN,BNUUZNRNFLUII,20190628121146,002,000,ION
LLRPUNVFZFOZ,BNFVZFUZNORVN,20190628121146,002,000,LL
ZNPVRLZRV,BNFVZNNFFLPUU,20190628121146,002,000,ION
ZFZLRONLN,BNFVZFFOLPRUV,20190628121146,002,000,ION
ZNIPLUPRU,BURVZNVPOLVFL,20190628121146,002,000,ION
ILFLOPZOVZV,BNFVZNNIURRVL,20190628121145,002,000,IL
VFVVPNIFV,BNUUDUZNVLFVLLPOUUPU,20190628121145,002,000,ION
IOIPOPRLFZOU,BNFVZNNIUOZLN,20190628121145,002,000,IOI
ZFPFUIZPU,BNFVZFUZRUNVUN,20190628121145,002,000,ION
VNLLULRRF,BNUUDUZNZUUZIONIVVLP,20190628121145,002,000,ION
INIILOIFNZO,BNFVZNRPRVOVP,20190628121145,002,000,IN
LZNONONIPPPFF,BURVDUZNZUUZINLFVUUF,20190628121145,002,000,LZ
IULOUNZNZ,BNUUZNPLUNVLL,20190628121145,002,000,ION
VLLZVFPONIOF,BNFVZNNIULZRF,20190628121144,002,000,VLL
ZNPNFPZNI,BNFVZNPNFPZOZ,20190628121144,002,000,ION
ZNVVPULLO,BNFVZNLOPZOZL,20190628121144,002,000,ION
OONNZLLLRRRUN,BNFVZNNIUOIOR,20190628121144,002,000,OO
VNUIILLNI,BNUUZNZZLLFFU,20190628121144,002,000,ION
LLNVIOURIPOL,BNFVZFUZNOOUN,20190628121144,002,000,LL
VNUINNRVL,BNUUZNPPUVZRN,20190628121144,002,000,ION
VNUIIRUNV,BNUUZNNUFFPLR,20190628121144,002,000,ION
ZFOZIRVNU,BNUUZNNZOZOIR,20190628121144,002,000,ION
ZNFNNOZNP,BURVZNRVFUIZI,20190628121144,002,000,ION
ILFUOZUNLIL,BNFVZNOZZVRVV,20190628121143,002,000,IL
ZNLZFZNRN,BNFVZNZNLZFRL,20190628121143,002,000,ION
ZNRFFRVIZ,BURVZNRVLFOLL,20190628121143,002,000,ION
ZIPOIFVVO,BNFVZNROLNVNF,20190628121143,002,000,ION
LLVUIPRNZVUP,BNFVZNNIURONN,20190628121143,002,000,LL
ZIINLNNZP,BNUUZNZRFOLIL,20190628121143,002,000,ION
ILFUIPUVINR,BNFVZFONNZFOR,20190628121143,002,000,IL
VNUILIROZ,BNUUZNFVUFPPP,20190628121143,002,000,ION
ZIINLNNZP,BNUUZVNVUUIFL,20190628121143,002,000,ION
ZIINLNNZP,BNUUZNOVUINUU,20190628121143,002,000,ION
IIFVOPPUOIR,BNFVZNNIUOOLI,20190628121143,002,000,II
VLLPNRRZU,BNUUDUZNVFNVINONZOVP,20190628121142,002,000,ION
INFPIVNURRI,BNFVZNVRPPPPF,20190628121142,002,000,IN
ZNVIUPPIR,BNFVZNVZFIRVL,20190628121142,002,000,ION
ZNFLRZFZO,BNUUZNROVIOVP,20190628121142,002,000,ION
VFNINZVRO,BNUUZNNULLFFV,20190628121142,002,000,ION
LZNOVVNFNFVZO,BNFVZNZRUOZNN,20190628121142,002,000,LZ
VVFNOPRUU,BNUUZNPUNUNVP,20190628121142,002,000,ION
ZNPFPIZLP,BNFVZFVVIINUF,20190628121142,002,000,ION
VNUIIRPPI,BNUUZNFFURIZZ,20190628121142,002,000,ION
ILFIUIUIFZFNPVN,BNFVZNNIURONF,20190628121142,002,000,IL
VNUIVNVII,BNUUZNUINZOUN,20190628121142,002,000,ION
ZFOZIRVNU,BNUUZNLLUVZOR,20190628121142,002,000,ION
ILFNULOLIIN,BNFVZNNIUOPZP,20190628121141,002,000,IL
VNNVUFZUP,BURVDUZNVLOVNIOVPVZI,20190628121141,002,000,ION
LVNZNNZLPZVL,BNFVZNNIUFVOR,20190628121141,002,000,LVN
ZFRVUFLIN,BURVDUZNZUUZFIOZOZOL,20190628121141,002,000,ION
ZNLLZLVFU,BURVZNIPRFPUN,20190628121141,002,000,ION
VNUPOUUNR,BNUUVNUZIFIRI,20190628121141,002,000,ION
VOVRUNUIV,BNUUZNRNNRFOO,20190628121141,002,000,ION
IZILRUUFZVPP,BNFVZNNIUPPPO,20190628121141,002,000,IZ
ZIPZOOIVI,BNFVZNNRRUONO,20190628121140,002,000,ION
ZFULNFNRV,BNFVFUZNUILNVZZ,20190628121140,002,000,ION
IOVFVNRVPVOO,BNFVZNRLROILR,20190628121140,002,000,IOV
VLLVVVFIFUOF,BNFVZNNIUPUNR,20190628121140,002,000,VLL
ILFOIZZIPOP,BNFVZNNIUFOZO,20190628121140,002,000,IL
ZNUOPRUUP,BNFVZNLFPNVLO,20190628121140,002,000,ION
ZNOOZZVUI,BNFVZNOIZZRRP,20190628121140,002,000,ION
VNULVPRUU,BNUUDUZNVLOVVZFPUUNN,20190628121140,002,000,ION
VNUIUZIZL,BNUUZNUIRUVOF,20190628121140,002,000,ION
ZVFLVPUUL,BNFVZNPFNZFZP,20190628121139,002,000,ION
LURIRRFUULL,BNFVZNNIURFLU,20190628121139,002,000,LU
VNUIUIVUR,BNUUZNPVONUFP,20190628121139,002,000,ION
VNUIIORUV,BNUUZNLZNOZOU,20190628121139,002,000,ION
ILFFRRUZRUZ,BNFVZFZPONVUF,20190628121139,002,000,IL
VNUILLPUN,BNUUZNULVLVUI,20190628121139,002,000,ION
VNUIOUNVZ,BNUUZNIZIVNRR,20190628121139,002,000,ION
IIFUNVPNPPV,BNFVFUZNLPLOV,20190628121139,002,000,II
LNRFOFPNRFZ,BURVDUZNZUUZFLONPIRR,20190628121139,002,000,LN
IUPPNNLFN,BNFVFUZFNLFVIIR,20190628121139,002,000,ION
VNNVUVPLP,BNUUZNROLZZFF,20190628121139,002,000,ION
RZUVRZIUIIU,BNFVZFURIPUPL,20190628121138,002,000,R
ZNUZORIOP,BNFVZVFVUUZVO,20190628121138,002,000,ION
ZFOZIRVNU,BNUUZNINIZIPZ,20190628121138,002,000,ION
ZFOZIRVNU,BNUUZNUNZOPNO,20190628121138,002,000,ION
ZFOZIRVNU,BNUUZNVPPFFIL,20190628121138,002,000,ION
ZFOZIRVNU,BNUUZNOVFUOZL,20190628121138,002,000,ION
ZFOZIRVNU,BNUUZNNUFPNZP,20190628121138,002,000,ION
ZNOZOVLRV,BNFVZNNFFLPUU,20190628121138,002,000,ION
ZUOUOFLIUOUN,BNFVZNNIUPIRU,20190628121138,002,000,ZU
VOIRUUIUU,BNUUZNZPZIVFV,20190628121138,002,000,ION
IINLFPLRFZI,BNFVZNNIULVVR,20190628121138,002,000,II
VNUIVUOVI,BNUUZNZIRONNF,20190628121138,002,000,ION
IVLZPVFLIUR,BURVZNNIUFPFN,20190628121137,002,000,IV
ZNZVFRION,BNFVZNFIOPUVL,20190628121137,002,000,ION
IOIPRFOINIUI,BNFVZNNIUPRPI,20190628121137,002,000,IOI
IIFRRFVPOZZ,BNFVZNRURVIIU,20190628121137,002,000,II
ZFVPZVRVU,BURVZNZNFUZFO,20190628121137,002,000,ION
ZNPFPUFNN,BNFVZNOOLRVPO,20190628121137,002,000,ION
VIPUUFUUN,BNUUZNRZVRNFR,20190628121137,002,000,ION
VIRFOUNPOONN,BURVZVUULUUOR,20190628121137,002,000,VIR
VVNVULUVP,BNUUZNFRFFFIV,20190628121137,002,000,ION
VOVRUNUIV,BNUUZNNPOFRRR,20190628121137,002,000,ION
VNNVVVZPP,BNUUZNRIPFOFN,20190628121137,002,000,ION
IOIPRUOVOVUF,BNFVZNNIUFPPL,20190628121136,002,000,IOI
LNRFIIFZIRN,BURVZNNIURVON,20190628121136,002,000,LN
LZNFIIRZLLOO,BNFVZNNIUFNIN,20190628121136,002,000,LZ
ILFOPZVPRNI,BURVVVUZVURPV,20190628121136,002,000,IL
VFZUPOOLO,BNUUVNNZOUOUU,20190628121136,002,000,ION
LLRLRNIPOLOR,BNFVZVUVLIZII,20190628121136,002,000,LL
VNUIIRPPI,BNUUZNRRLFLOL,20190628121136,002,000,ION
ILFONUURZUP,BNFVZNNIUZVRV,20190628121136,002,000,IL
VNUINFVOP,BNUUDUZNZUUZINFINPVL,20190628121136,002,000,ION
ILFNOOVLLNN,BNFVZNNIULLVZ,20190628121135,002,000,IL
IUPPNNONL,BNFVZNVOFOOZR,20190628121135,002,000,ION
IIRPZUIRRNF,BNFVZNFRZLLZP,20190628121135,002,000,II
LLRZONROOIRI,BNFVZNNIUOOPU,20190628121135,002,000,LL
LLNVPUIFUNLF,BNFVZNNIUFNZF,20190628121135,002,000,LL
VNUIUZIZL,BNUUZNVFPZRZU,20190628121135,002,000,ION
ZNPPIVRZO,BNFVZNOPNIZUU,20190628121135,002,000,ION
IULOUNFIV,BNUUZNVUVOVOL,20190628121135,002,000,ION
VNUIVFUFL,BNUUDUZNZUUZFPIIIZUV,20190628121135,002,000,ION
ZFZOLVZLN,BNFVZFUZRUUVNF,20190628121135,002,000,ION
ZNLPFUOOF,BNFVZNZNIRUIU,20190628121134,002,000,ION
ZNRIONLZU,BURVDUZNZUUZFLFFFRPF,20190628121134,002,000,ION
LLRRROFLLNUU,BNFVZNROFFINI,20190628121134,002,000,LL
VNNVNNRZO,BURVZNFVVILIL,20190628121134,002,000,ION
NORNVNRZFRN,BNFVZNNIUPIIL,20190628121134,002,000,NORN
ILFIURUOPIR,BNFVZNFZZZRVO,20190628121134,002,000,IL
IOVFZNVIRVZR,BNFVZNNIURNFU,20190628121134,002,000,IOV
VNUIIVFPN,BNUUZNLIUUNNP,20190628121134,002,000,ION
ZNOFUULOV,BNFVZNIPZZPUR,20190628121134,002,000,ION
ZILLZFRNL,BNFVZNFRUZUPF,20190628121133,002,000,ION
ILFFRZFLFZU,BNFVZNFILLNZN,20190628121133,002,000,IL
ZIOVNPNVO,BURVZNNIUPRFI,20190628121133,002,000,ION
ZNIPURFOZ,BNFVZNNFFLPUU,20190628121133,002,000,ION
IOIPRRFIVFZL,BNFVZNZUZVOLF,20190628121133,002,000,IOI
VNUILLPUN,BNUUZNZRZPVUR,20190628121133,002,000,ION
IOVFZNNZFIII,BURVZNNIURNFO,20190628121133,002,000,IOV
ZNPFIZLPF,BNFVZNVOZZPVR,20190628121133,002,000,ION
ZNNUILLZN,BURVZNZVLIIIU,20190628121132,002,000,ION
ILZNLVZNFFP,BNFVZNNIURPFI,20190628121132,002,000,IL
INFVNVLFUZR,BNFVZNNIUOONO,20190628121132,002,000,IN
ZNRPFPIVF,BNFVZNZILZNUP,20190628121132,002,000,ION
IVLRNVUVZIN,BURVZNNIUPPUO,20190628121132,002,000,IV
ILFUZUILLLZ,BURVDUZNZUUZIRVLNPUR,20190628121132,002,000,IL
VOVRUNUFU,BNUUZNUVZIRVR,20190628121132,002,000,ION
VNUIUZIFF,BNUUZNVLVLVUL,20190628121132,002,000,ION
ZFOZIRVNU,BNUUZNVLVUZFO,20190628121132,002,000,ION
ZFOZIRVNU,BNUUZNUFORLVN,20190628121132,002,000,ION
VNUIIRPPI,BNUUZNPPPZPRO,20190628121132,002,000,ION
ZNUVPNZNV,BNFVZNFIUNRZZ,20190628121132,002,000,ION
LIFPPZFIFNOP,BURVZNVUVOVOL,20190628121131,002,000,LI
LPFFPFFRNZV,BNFVZNNNNPPFU,20190628121131,002,000,LP
VVUPVNOIF,BNUUZNPNPNNPV,20190628121131,002,000,ION
ZNILLLPNP,BNFVZFOPZVILV,20190628121131,002,000,ION
VLLZVFUUORPO,BNFVZNUFINIIU,20190628121131,002,000,VLL
LLRORUPOLUFP,BNFVZFURIRLRF,20190628121131,002,000,LL
IULOUVLRL,BNUUZVUNPRFFV,20190628121131,002,000,ION
IIOOFVLONII,BNFVZNPVUPFVU,20190628121131,002,000,II
VVFNOPRUU,BNUUZNPUNUUZF,20190628121131,002,000,ION
ZNOUZOIRO,BNFVZNUIIFUOU,20190628121131,002,000,ION
ZIUFUPLOL,BNFVZNNZIFULL,20190628121130,002,000,ION
LZNRVLUULRZL,BNFVZNNIULLPV,20190628121130,002,000,LZ
NVUFVIZILUN,BNFVZNVIURRLL,20190628121130,002,000,NVUF
ZNFLRZFZO,BNUUZNROIVIIF,20190628121130,002,000,ION
LLNFNRFPNFZV,BNFVZFUZNLVRP,20190628121130,002,000,LL
INFNFIFOPNF,BNFVZNPLLLOZO,20190628121130,002,000,IN
IIRRNFUFUVI,BNFVZNZIZOOVR,20190628121130,002,000,II
ZNINRVUPL,BNFVZVFIUIUNO,20190628121130,002,000,ION
ZIINLNNZP,BNUUZNLVLVRRZ,20190628121130,002,000,ION
ZIINLNNZP,BNUUZNVZOFONI,20190628121130,002,000,ION
ZIINLNNZP,BNUUZNRROUURZ,20190628121130,002,000,ION
ZIINLNNZP,BNUUZNFROLOVZ,20190628121130,002,000,ION
VNUPINNUR,BNUUDUZNVLOVNVVVNRUZ,20190628121130,002,000,ION
ILZFPIUZNPR,BNFVZNLURZZOU,20190628121129,002,000,IL
IOIPRFLPPUNP,BNFVZNNIULFPV,20190628121129,002,000,IOI
VVZLIOPOU,BNFVZNZZFFLRR,20190628121129,002,000,ION
VNINFOIUU,BNUUZNOOPRNFR,20190628121129,002,000,ION
ZNVULOZFL,BNFVZNNNIIZLI,20190628121129,002,000,ION
ZFRVNNLLR,BURVDUZNVLOVOIPVIPIR,20190628121129,002,000,ION
ILFUZUIVLFV,BNFVZNNIUOVRF,20190628121129,002,000,IL
NFNIPZZNUUI,BURVZNZRUUVIF,20190628121129,002,000,NFNI
ZFRFLIVFV,BNFVZNNNRLRFN,20190628121128,002,000,ION
ZRNOPNUVFIPL,BNFVZNROZUNPO,20190628121128,002,000,ZRN
LLRPPNLVLVNL,BNFVZNNIULVZO,20190628121128,002,000,LL
IOIPRVOPPUFF,BNFVZNNIUFOPU,20190628121128,002,000,IOI
LLNZLVPVNPZZ,BNFVZNNIUZVVU,20190628121128,002,000,LL
ILFIPRPUPVZ,BNFVZNNIUFVNF,20190628121128,002,000,IL
ILFRUVIOLUU,BNFVZNNIUPVFV,20190628121128,002,000,IL
VNUIINUZI,BNUUZNZUVUFVZ,20190628121128,002,000,ION
VNULPOOUU,BNUUVOVUPLUUP,20190628121128,002,000,ION
VNUPOUUNR,BNUUDUZNVLFVVZFZZRUU,20190628121128,002,000,ION
ZIINLNNZP,BNUUZNFOINVRL,20190628121128,002,000,ION
ZIINLNNZP,BNUUZNIZUFOPV,20190628121128,002,000,ION
IZUPVPNFRUNNL,BNFVZNNIULPUN,20190628121127,002,000,IZ
LVUVILUUNFLU,BNFVZNNIULNVP,20190628121127,002,000,LVU
LPRVZVIRPNL,BURVZNNIULFRR,20190628121127,002,000,LP
IRVOFPLRLUZ,BURVZNNIULOUF,20190628121127,002,000,IRV
ZIINLNNZP,BNUUZNFZPILVF,20190628121127,002,000,ION
LNRFLORVNUF,BURVZNLVPZPFL,20190628121127,002,000,LN
VNUIIORUV,BNUUZNULVVVNF,20190628121127,002,000,ION
VNINURPUU,BNUUDUZNVLFVNRPUPVNZ,20190628121127,002,000,ION
VNUIVNOUL,BNUUZNUZVOVLZ,20190628121127,002,000,ION
VNUIIVFFO,BNUUZNULNVNNV,20190628121127,002,000,ION
ZFRPVVURR,BURVZNOZPOPFV,20190628121127,002,000,ION
ILFFZOROFIN,BNFVZNNIUOZZO,20190628121127,002,000,IL
ZIZIOUULP,BURVZNIZIZUIV,20190628121126,002,000,ION
ZNLZPPUIO,BNFVZNVFNVNLL,20190628121126,002,000,ION
VOFIPOUNZ,BNUUZNRROIVNO,20190628121126,002,000,ION
ILZIINPONOU,BNFVZNNIURZON,20190628121126,002,000,IL
ZRNOONZFFVIL,BURVDUZNZUUZFZZOFROI,20190628121126,002,000,ZRN
ZNLOORZVZ,BNFVZFRRIIVFR,20190628121126,002,000,ION
INFPIOZZNII,BNFVZNNIUOOFN,20190628121126,002,000,IN
VLLPNVPUU,BURVZNPFPNVNR,20190628121126,002,000,ION
ZIZZNONNF,BNFVZVUOFLFFO,20190628121126,002,000,ION
NVUZOUOPNUZ,BNFVZNNIUZFUI,20190628121126,002,000,NVUZ
ZNFUROINF,BNFVZNIVUZFOP,20190628121126,002,000,ION
ZNFPOVRII,BNFVZNRROLINN,20190628121125,002,000,ION
VNNVNNRZO,BURVZNRIZRPUI,20190628121125,002,000,ION
LLRPRIURFVNL,BNFVZNNIURIFN,20190628121125,002,000,LL
VZOLIVIPV,BURVVZOUZPUUP,20190628121125,002,000,ION
ZNVRPLIPO,BNFVZNNFFLPUU,20190628121125,002,000,ION
IIFOURINOOU,BNFVZNNIUOPRV,20190628121125,002,000,II
VNUIUZIFF,BNUUZNUVLOLPU,20190628121125,002,000,ION
ZNUONIZNP,BNFVZNPNLLFFP,20190628121125,002,000,ION
IULOUNZNU,BNUUZVUUZZIUI,20190628121125,002,000,ION
VNUILLPUN,BNUUZNLUIFNRZ,20190628121125,002,000,ION
ZIOPFRFVV,BNFVZNUPNRUOF,20190628121125,002,000,ION
ZNLLZOFNL,BNFVZNIFZRUNI,20190628121124,002,000,ION
ILFZZZIZLFU,BNFVZNIRFFZRZ,20190628121124,002,000,IL
LLRRNNVPPNOU,BNFVZNNIUPFUP,20190628121124,002,000,LL
VINZLPIIV,BNFVZNLZPLPUZ,20190628121124,002,000,ION
ZNOZFLROR,BNFVZNNIUZPFU,20190628121124,002,000,ION
IZIPZVPZNZVO,BURVZNFIVZNUF,20190628121124,002,000,IZ
VNUILIROZ,BNUUZNUVVZUVL,20190628121124,002,000,ION
ZNNUOFPPR,BNFVZFIFOVZPO,20190628121124,002,000,ION
IULOUIFIO,BNUUZVUUFLFPP,20190628121124,002,000,ION
ZVFLROFPP,BNFVZNNIUOFLF,20190628121123,002,000,ION
ILFPOZLIRVZ,BURVZNFNRRRFV,20190628121123,002,000,IL
ILFUUNIOURO,BNFVZNNIUZVUP,20190628121123,002,000,IL
IOVFVNLIONIN,BURVZNNRLIFLN,20190628121123,002,000,IOV
ZFUNNVFVU,BNFVFUZNINFZVOP,20190628121123,002,000,ION
VZOLIVIPV,BURVVZOUZPUUP,20190628121123,002,000,ION
RZPORFPNIVR,BNFVZFUZNIFIZ,20190628121123,002,000,R
ZFOZIRVNU,BNUUZNIZZRROZ,20190628121123,002,000,ION
VFFRRRUUU,BNUUDUZNVLFVOOPPNZNL,20190628121123,002,000,ION
ZNNPPVNFL,BNFVZNNFFLPUU,20190628121123,002,000,ION
VNUIULPIU,BNUUDUZNZUUZFFUUUPFN,20190628121123,002,000,ION
IUPPUVNOZ,BNFVZNRZROLNO,20190628121122,002,000,ION
OONNIRRRZNUI,BNFVZNNIULIPR,20190628121122,002,000,OO
LLUZVUU,BURVZNUFUVNPL,20190628121122,002,000,ION
ZINLFRIUP,BNFVZNNIUZLVV,20190628121122,002,000,ION
LZNOVUIZIVZPZ,BURVDUZNVLOVOFUPILUZ,20190628121122,002,000,LZ
ILFRNLLFVRN,BNFVZFOURFNOR,20190628121122,002,000,IL
VVNVULUVP,BNUUZNRFOPLIV,20190628121122,002,000,ION
VNUINNRVL,BNUUZNROVOVRL,20190628121122,002,000,ION
ZNZULUPLV,BNFVZNVIVZPII,20190628121122,002,000,ION
VVUIUZPRU,BNUUZNPNUNPIU,20190628121122,002,000,ION
ZNOZLPVIP,BNFVZNRIVINVR,20190628121122,002,000,ION
ZIROIIUIN,BURVZNPNULLLI,20190628121121,002,000,ION
ZIPIVFRPI,BNFVZNLVFIIZI,20190628121121,002,000,ION
LLNVIOURNNVL,BNFVZNNIULNRR,20190628121121,002,000,LL
ILFNUNZZULL,BNFVZNNFFLPUU,20190628121121,002,000,IL
VNUINUZPL,BNUUZNLZVLNFP,20190628121121,002,000,ION
IOVFVNFNIVNF,BURVZNVOFIIVU,20190628121121,002,000,IOV
VNNVNNRZO,BURVDUZNZUUZFFOPNFVU,20190628121121,002,000,ION
IOVFVNNRNLVU,BURVZNNIUOPFF,20190628121120,002,000,IOV
ZNRFPZUUV,BURVZNPVNIZPU,20190628121120,002,000,ION
ILFNPFNNNIU,BNFVZNNIUZIRV,20190628121120,002,000,IL
IIFPUNNOOFL,BNFVZNVOOZRIU,20190628121120,002,000,II
IVLROPINPIR,BURVZNNIUFIOO,20190628121120,002,000,IV
ZFOZIRVNU,BNUUZNIZFIPPV,20190628121120,002,000,ION
ZFOZIRVNU,BNUUZNIFFZNIR,20190628121120,002,000,ION
ZFOZIRVNU,BNUUZNNONNLUU,20190628121120,002,000,ION
ZFOZIRVNU,BNUUZNLNNLFPU,20190628121120,002,000,ION
VNNVNNRZO,BNUUZNPNVZOUF,20190628121120,002,000,ION
ZFOZIRVNU,BNUUZNRFFNROU,20190628121120,002,000,ION
ZFOZIRVNU,BNUUZNFIZRRNV,20190628121120,002,000,ION
IOVFZNVIRUZL,BURVZNINZLFOV,20190628121120,002,000,IOV
ZNUPRLLVF,BNFVZNNFFLPUU,20190628121120,002,000,ION
LPFURIUZPLV,BURVZNUUFFPOP,20190628121120,002,000,LP
ZFOLVIRNV,BURVZNZFZVFNN,20190628121120,002,000,ION
IIFVNUUVNLV,BNFVZNPUILOLP,20190628121120,002,000,II
ZNIRFFLPP,BNFVZFONLVFOI,20190628121119,002,000,ION
ZNIPRZIPR,BURVDUZNZUUZIFRRVINZ,20190628121119,002,000,ION
VVNVULUVP,BNUUZNZLINVNF,20190628121119,002,000,ION
ZIFOFORLZ,BURVZNUPNLFLV,20190628121119,002,000,ION
ZNURIPUOI,BNFVZNPZNPNRF,20190628121119,002,000,ION
VNUINVOIP,BNUUZNLFVPFVN,20190628121119,002,000,ION
ZNLROVVNO,BNFVZNIFRNINP,20190628121119,002,000,ION
IUUOUOZOF,BURVZNROPNIRO,20190628121118,002,000,ION
IZIIIRFLNVUI,BNFVZNRVPONPR,20190628121118,002,000,IZ
VNUNZIUVO,BNUUDUZNVFVVVRNVRFIR,20190628121118,002,000,ION
VNUNZIUVO,BNUUZNRPFVZIR,20190628121118,002,000,ION
LLRRNUOIUNNR,BURVZNINVLVIR,20190628121118,002,000,LL
VLLZINUVFFNN,BNFVZNVORONUL,20190628121118,002,000,VLL
VNUILLPUN,BNUUZNIVLOFVO,20190628121118,002,000,ION
VVNLOUURN,BNUUDUZNVLOVOVPIIOFZ,20190628121117,002,000,ION
ILFNFORUOPI,BNFVZNNIUPNZO,20190628121117,002,000,IL
ILFPRPNRZNR,BNFVZNNIURVIR,20190628121117,002,000,IL
ZNRZRLOIR,BNFVZNPPVPIPI,20190628121117,002,000,ION
ZNIUZPUZR,BNFVZNZZOVZUF,20190628121117,002,000,ION
INFVINRZOPR,BNFVZNNIULOPP,20190628121117,002,000,IN
IULOUNZNL,BNUUZNIIOFLLL,20190628121117,002,000,ION
ILFVUFPPUZF,BNFVZNONUOZRO,20190628121117,002,000,IL
IOIPILINOPFF,BNFVZNNIURFRO,20190628121117,002,000,IOI
VVULUZPLZ,BNUUDUZNVLOVOFINIURP,20190628121117,002,000,ION
VNUIUZIZL,BNUUZNIFPIUZI,20190628121117,002,000,ION
IOIPRIIUPIRL,BNFVZNNIUROPF,20190628121117,002,000,IOI
ZNLUVUONR,BURVZNNIULUOF,20190628121116,002,000,ION
ZNIPPNZRN,BNFVZNIPPVINZ,20190628121116,002,000,ION
IIRPIUONIUV,BNFVZNOFPVPVR,20190628121116,002,000,II
LNRZIRNLLUN,BURVZNNIULLFZ,20190628121116,002,000,LN
ZNOUUNRZN,BURVZNNIUPRPR,20190628121116,002,000,ION
VNNVNNRZO,BNUUZNRNONINP,20190628121116,002,000,ION
VLPVFLRFPN,BNFVZNNIULVUL,20190628121116,002,000,VLP
VNUINUVRO,BNUUZNZFLNPPF,20190628121116,002,000,ION
ZIORRFUII,BNFVZNILVPUIF,20190628121116,002,000,ION
ILFRULIPUVL,BNFVZNNIULUVR,20190628121115,002,000,IL
ILZPPONUVPV,BNFVZNNIULRIV,20190628121115,002,000,IL
ZFOZIRVNU,BNUUZNLIIUORN,20190628121115,002,000,ION
ZFOZIRVNU,BNUUZNNZRZVVN,20190628121115,002,000,ION
ZIZLLPVIL,BNFVZNLORPNFI,20190628121115,002,000,ION
ZFOZIRVNU,BNUUZNLRNPIPV,20190628121115,002,000,ION
IIZRRLVPFLN,BNFVZNNIUFUNV,20190628121115,002,000,II
ZIOUVUNUO,BURVDUZNZUUZFFPNPNVI,20190628121115,002,000,ION
VNUINRUFI,BNUUZNRZPOUFU,20190628121115,002,000,ION
IUVNUFPLZFIV,BURVDUZNZUUZIPNUUVVZ,20190628121115,002,000,IU
IIFFVRZFZLR,BNFVZNNIUZRRN,20190628121114,002,000,II
INFVVUFZNUF,BNFVZNNIUZRII,20190628121114,002,000,IN
ZNZIOIPNR,BNFVZNRZVLVZO,20190628121114,002,000,ION
VNUIFZZUV,BNUUZNVVZVLVZ,20190628121114,002,000,ION
VNUIFZZUV,BNUUZNZVVIRUV,20190628121114,002,000,ION
VIFVNRVLP,BURVVIFUVLRFF,20190628121114,002,000,ION
VNNVVLVVN,BNUUZNZIUZFOL,20190628121114,002,000,ION
ZNLPIFZLF,BNFVZNFNPRZNZ,20190628121114,002,000,ION
IOVFZNNUFZRL,BURVDUZNZUUZILVIFOZL,20190628121113,002,000,IOV
ILFIRVFOVPF,BNFVZNNIURNZR,20190628121113,002,000,IL
IOVFVNLIIIRI,BNFVZNLFPIVOU,20190628121113,002,000,IOV
LLRLNPILRLZR,BNFVZNPOFVRIN,20190628121113,002,000,LL
IVLZFPNNVFV,BURVZNNIURPLL,20190628121113,002,000,IV
IZIINRFUOFNI,BNFVZNPFIZNFN,20190628121113,002,000,IZ
VNUILLPUN,BNUUZNOPUIPUU,20190628121113,002,000,ION
ZIRPVUPPR,BNFVZNUZIZRNO,20190628121113,002,000,ION
ILFLRLNVRPI,BURVZNRURIIUL,20190628121113,002,000,IL
ZFLLIIIPL,BNFVZFIIIZZZI,20190628121112,002,000,ION
VOIOFUVUU,BNFVZNILOIIIN,20190628121112,002,000,ION
ZNOIZFURP,BNFVZFLUPPRNZ,20190628121112,002,000,ION
LZNRLOFRNUNV,BNFVZNNIULUPL,20190628121112,002,000,LZ
IZULZZRZUVFV,BNFVZNZZRFVRO,20190628121112,002,000,IZ
IIFFFVZUVLV,BNFVZNNIUROLF,20190628121112,002,000,II
LLRZOUOLNOPI,BNFVZFURIORNZ,20190628121112,002,000,LL
ZFOZIRVNU,BNUUZNOLROFRO,20190628121112,002,000,ION
ZFOZIRVNU,BNUUZNLLRILUZ,20190628121112,002,000,ION
VVOONIVOL,BURVZNPRIFZOL,20190628121112,002,000,ION
ILFIPNFLLLL,BNFVZNNIUZLPF,20190628121111,002,000,IL
LZNRVNLIVOOP,BNFVZNNIULFIU,20190628121111,002,000,LZ
ILFOIPIRZRZ,BNFVZNNIUOZUP,20190628121111,002,000,IL
ZNLUNOIOO,BNFVZNUOUNNUV,20190628121111,002,000,ION
ZNULRLILN,BURVDUZNZUUZIRZIOOVR,20190628121111,002,000,ION
IUPPUNLPV,BNFVZNUOVOVFZ,20190628121111,002,000,ION
ZNZLLZPOPOUN,BNFVZNNIUZOLP,20190628121111,002,000,ZN
VNUIIULUF,BNUUDUZNZUUZIINIZOII,20190628121111,002,000,ION
ZNRZUFZOUUZN,BNFVZNNIUFRIP,20190628121111,002,000,ZN
IZIPPFOFOFNV,BNFVZVUOUFOZP,20190628121110,002,000,IZ
IIRPVUVUNPU,BNFVZNRNLUPRZ,20190628121110,002,000,II
IOZPPPIRORFR,BNFVZNNIUZNZR,20190628121110,002,000,IOZ
LVURZVRFFVOP,BNFVZFUPNIVLF,20190628121110,002,000,LVU
VNFVUVUZIZV,BNFVZNNIUZFUL,20190628121110,002,000,VNF
IIFUZRZNILZ,BNFVZNNIUOVNZ,20190628121110,002,000,II
LOROOFLONL,BNFVZNUONNINL,20190628121110,002,000,LO
ZNIRPLZFV,BNFVZNUFUOOIF,20190628121109,002,000,ION
ZFOLOVLOP,BNFVZFVPRLRUR,20190628121109,002,000,ION
ZNFNUOOVP,BNFVZNUUNNVPN,20190628121109,002,000,ION
IZIRNIPIRLZF,BNFVZNNIUZUIL,20190628121109,002,000,IZ
VVNLOUVNV,BNUUDUZNVLFVVLNOUNIO,20190628121109,002,000,ION
VNUIINUZI,BNUUDUZNVFVVONRPNUIN,20190628121109,002,000,ION
LLRZRLVOVFIL,BNFVZFURIOLFL,20190628121109,002,000,LL
LZNRRUZOVULZ,BURVZNFORUFFI,20190628121109,002,000,LZ
VNUINVOLN,BNUUZNUUVUUNU,20190628121109,002,000,ION
LNRZLVOPRUO,BURVZNNIUPIZV,20190628121108,002,000,LN
ZNURROLVN,BNFVZNUNPNVIR,20190628121108,002,000,ION
IIRFFIZZINZ,BNFVZNVOZOLFN,20190628121108,002,000,II
ZNVULZLRZ,BNFVZNVUFLPOP,20190628121108,002,000,ION
ZNOIZINPZ,BNFVZNRLFNUPP,20190628121108,002,000,ION
ZIINLNNZP,BNUUZNZPZOFLF,20190628121108,002,000,ION
ZNUPFZFIU,BNFVZNFOZPPNV,20190628121108,002,000,ION
VIVPPUOII,BNFVZNPRZIIRP,20190628121108,002,000,ION
ZIINLNNZP,BNUUZNOZINIFP,20190628121108,002,000,ION
VNNLOOUOU,BNUUZNRNPLRPI,20190628121108,002,000,ION
VNLLLVLIV,BURVZNZOIOLLI,20190628121108,002,000,ION
ZNFLFZIRF,BNFVZNIORZPZL,20190628121108,002,000,ION
IIFVNPNROUN,BNFVZNVROUROU,20190628121108,002,000,II
VNUIIRPPI,BNUUZNOZVRNPR,20190628121108,002,000,ION
NZRPOIVLVNV,BNFVZNVFNUVVI,20190628121108,002,000,NZRP
ZNRPVPLOO,BNFVZFNOILVPO,20190628121107,002,000,ION
ZNLUVVPIR,BNFVFUZNLLZNPPL,20190628121107,002,000,ION
ZNPLFPILZ,BNFVZNRIOFIOU,20190628121107,002,000,ION
ZNZIFZIRV,BNFVZNOZPVRLF,20190628121107,002,000,ION
IIFFVFZOFPR,BNFVZNZNFVRNL,20190628121107,002,000,II
ZIINLNNZP,BNUUZNOPFFRVR,20190628121107,002,000,ION
ZIINLNNZP,BNUUZNOFNPUIR,20190628121107,002,000,ION
ZIINLNNZP,BNUUZNLZRFRRI,20190628121107,002,000,ION
ILPPNUNPLVI,BNFVZNZLUNPRZ,20190628121107,002,000,IL
LNRZVLOPRLU,BURVZNNIUZZZR,20190628121107,002,000,LN
IIFOPZUUOLF,BNFVZNNIUFRRU,20190628121107,002,000,II
VNUIUVURP,BNUUZNUUUIINU,20190628121107,002,000,ION
IIRFNOIFNII,BNFVZNNIUZNVU,20190628121106,002,000,II
IIIVRNZURUU,BNFVZNNIULZRP,20190628121106,002,000,II
ZNPROPOIU,BNFVZNNFFLPUU,20190628121106,002,000,ION
IVLZPNVRLIV,BURVZNNIUZNVL,20190628121106,002,000,IV
IINFUVFVRZP,BNFVZNVUFIROR,20190628121106,002,000,II
VNUNZIUVO,BNUUZNPVFUZVP,20190628121106,002,000,ION
IZIILVLLURFV,BNFVZNNIURPZZ,20190628121106,002,000,IZ
ZNFFUOLUF,BNFVZNPROPOIU,20190628121106,002,000,ION
LLRRFZNOOOOZ,BURVZNNIUFRVV,20190628121106,002,000,LL
ILFZFLNVURZ,BNFVZNNIUOIVI,20190628121106,002,000,IL
ZNULRFIPR,BNFVZNUPUPPON,20190628121106,002,000,ION
VNPLIVOUU,BNUUDUZNZUUZFNLPFZPI,20190628121106,002,000,ION
INFOVIUFNZP,BNFVZNNIURRNR,20190628121106,002,000,IN
INFPVOIPLVU,BNFVZNFNFFPUP,20190628121105,002,000,IN
ZIPIOOLPO,BURVDUZNZUUZILRRNUFR,20190628121105,002,000,ION
ZNPVPFIZZ,BNFVZNPUNUFPN,20190628121105,002,000,ION
ZNVIVZPII,BNFVZNZULUPLV,20190628121105,002,000,ION
ZVUNZZNZR,BNFVZVUUINZNU,20190628121105,002,000,ION
VNUIVNVII,BNUUZVNOVFUNV,20190628121105,002,000,ION
ZNUUVFOLV,BNFVZNNFFLPUU,20190628121105,002,000,ION
ZFOZIRNZR,BNUUZNNRNNRFP,20190628121105,002,000,ION
LZNROIOZNNFL,BNFVZFZONUZFI,20190628121105,002,000,LZ
VNNLOUNZI,BNUUZNFVFZOPO,20190628121105,002,000,ION
VNNLOUNZI,BNUUZNILRPVZZ,20190628121105,002,000,ION
ZNZPNOIRR,BNFVZNZPNOLOR,20190628121105,002,000,ION
LZNRIZUZNFLO,BNFVZFFIFIFNR,20190628121104,002,000,LZ
ILFZFZRIZPV,BNFVZNNIUORIF,20190628121104,002,000,IL
ZNUUFINLO,BNFVZNFLRPNNL,20190628121104,002,000,ION
VNINOINNP,BNUUVNNIPFLZL,20190628121104,002,000,ION
LZNORRRZIIIUZ,BURVZNNRZROIF,20190628121104,002,000,LZ
ZNFRONFZN,BNFVZNNNIROOP,20190628121104,002,000,ION
ZNVNNRNZO,BURVDUZNZUUZFZOIIRLI,20190628121104,002,000,ION
ILFVZLOUZRR,BNFVZNVVFIRIR,20190628121104,002,000,IL
ZNIOVVRUF,BURVDUZNZUUZFNOFUONP,20190628121104,002,000,ION
VNNNVZLUU,BNUUZNLOIPFIF,20190628121104,002,000,ION
ZFOZIRVNU,BNUUZVUOVOZFF,20190628121104,002,000,ION
VNVFFVUVOINP,BNFVZNPRNUFPR,20190628121104,002,000,VNV
ILFNZUZZRFO,BNFVZNNIURFNR,20190628121103,002,000,IL
IIFFOVUINPF,BNFVZNPNFNRIN,20190628121103,002,000,II
ZNUNNRFUO,BURVZNOVVLNUI,20190628121103,002,000,ION
IIOLFVROLNR,BNFVZNIUZOLRI,20190628121103,002,000,II
IVLZRULNVNN,BURVZNNIUPVOU,20190628121103,002,000,IV
ZFNUIRRUL,BURVZNRRVVFNF,20190628121103,002,000,ION
VNIZINIRU,BNUUZNPRRINLZ,20190628121103,002,000,ION
ZNZZNUUVZZPF,BNFVZNNZVIVVV,20190628121103,002,000,ZN
LLRPUNVFZFOZ,BNFVZNNIUFFFF,20190628121103,002,000,LL
IUPPNNLFN,BURVDUZNZUUZFNLFVIIR,20190628121102,002,000,ION
VNFVOZNNRVF,BNFVZNVVZFNVL,20190628121102,002,000,VNF
IIFVZPPNIVZ,BNFVZNLNRLZRZ,20190628121102,002,000,II
ZVUULFFVP,BNFVZVUUNOLUU,20190628121102,002,000,ION
ZNIRVRNLL,BNFVZNNFFLPUU,20190628121102,002,000,ION
VNUIIFRRI,BNUUZNLOINLUN,20190628121102,002,000,ION
VLIPNNPPZFOL,BNFVZNNIURFVR,20190628121102,002,000,VLI
ILFFIFPNVUU,BURVDUZNZUUZIFINOPIO,20190628121102,002,000,IL
VNUILLPUN,BNUUZNIROZFIO,20190628121102,002,000,ION
ZIULUFORZ,BNFVZNNFFLPUU,20190628121102,002,000,ION
LZNRFIRNLFVRN,BNFVZNNIUPLRF,20190628121101,002,000,LZ
ILFFLLPPVRO,BNFVZNNIUOZRZ,20190628121101,002,000,IL
ZNNRRLVFN,BNFVZNZRRFIIZ,20190628121101,002,000,ION
ZNORLIFIU,BNFVZNNPLLLPU,20190628121101,002,000,ION
LPOUZRUNRFI,BNFVZNVZZUNOZ,20190628121101,002,000,LP
ZNRRUONLR,BNFVZNNFFLPUU,20190628121101,002,000,ION
ILFLRPIFZRN,BNFVZFFRNZULV,20190628121101,002,000,IL
IIRFPZVRPIN,BNFVZNVNZPLIF,20190628121101,002,000,II
ZNFPOVRII,BNFVZNRROLINN,20190628121100,002,000,ION
ZNPRVVOZO,BNFVZNULLPNLF,20190628121100,002,000,ION
LLNNLIFURFNI,BURVVNNZOUOUU,20190628121100,002,000,LL
ZIVOFUUVI,BNFVZNRLFZZUI,20190628121100,002,000,ION
VVULUZPLZ,BNUUDUZNVLOVOFINIURP,20190628121100,002,000,ION
VNUIUOUNF,BNUUZNLIUUNNP,20190628121100,002,000,ION
VNUILRPLO,BNUUZNVPZVNLV,20190628121100,002,000,ION
VNUIUOUNF,BNUUZNLIOZPVP,20190628121100,002,000,ION
ZFOZIRVNU,BNUUZNLUNURZZ,20190628121100,002,000,ION
ZFOZIRVNU,BNUUZNRNZFFLV,20190628121100,002,000,ION
ZFOZIRVNU,BNUUZNILOVRPN,20190628121100,002,000,ION
VNUIULPIU,BNUUZNPILUIPP,20190628121100,002,000,ION
LZNRIFUPPVRP,BNFVZNNIUFIPU,20190628121059,002,000,LZ
LUROIZUNVLZ,BNFVZVUUFUFPN,20190628121059,002,000,LU
LLVIPUFILFLF,BNFVZNNIULVVP,20190628121059,002,000,LL
ZNZRFUUFU,BNFVZFVZONNUV,20190628121059,002,000,ION
ZNLUORLLR,BNFVZNRZFZIUL,20190628121059,002,000,ION
LZNOVVORRZUOP,BNFVZNUVRPUNP,20190628121059,002,000,LZ
VOFFFUFOU,BURVDUZNVLOVOFFPFLUI,20190628121059,002,000,ION
VNULNUUPU,BNUUZNLPPVPIU,20190628121059,002,000,ION
ZIRUZOZVN,BURVZNZPZPVRP,20190628121059,002,000,ION
LOROOFLONL,BNFVZNUONNINL,20190628121059,002,000,LO
IULOUNZNU,BNUUZNLZRLVRP,20190628121059,002,000,ION
ILFRPLIROVZ,BNFVZNNIUZPRN,20190628121059,002,000,IL
ZIINLNNZP,BNUUZNZOPVIFF,20190628121059,002,000,ION
ZIINLNNZP,BNUUZNFURILFF,20190628121059,002,000,ION
ZIINLNNZP,BNUUZNIFFPLLZ,20190628121059,002,000,ION
ZNUPRLLVF,BNFVZNPPFIOLN,20190628121058,002,000,ION
ZNONUVOVR,BNFVZNNIURUOF,20190628121058,002,000,ION
ILZIPLFFVVP,BURVZNUIOIOII,20190628121058,002,000,IL
INFOINVILRF,BNFVZNORIFOFR,20190628121058,002,000,IN
ZIINLNNZP,BNUUZNRUONLPU,20190628121058,002,000,ION
ZIINLNNZP,BNUUZNLUORUZI,20190628121058,002,000,ION
ZIINLNNZP,BNUUZNLPNOULO,20190628121058,002,000,ION
VNNVUFZUV,BNUUZNOLPIFZF,20190628121058,002,000,ION
ILFUZVVRRIU,BNFVZNZFNUNUI,20190628121058,002,000,IL
LLRZIVRFRLPZ,BNFVZNNIUPUIO,20190628121058,002,000,LL
LURVOZPNRNF,BNFVZNNIUFZZZ,20190628121058,002,000,LU
ZIINLNNZP,BNUUZNOLFRZUR,20190628121058,002,000,ION
ZIINLNNZP,BNUUZNRPPZNOI,20190628121058,002,000,ION
ZIINLNNZP,BNUUZNLIFFFLF,20190628121058,002,000,ION
LLRLZIOUUNPU,BNFVZNNIUZOZF,20190628121057,002,000,LL
ILFVVNOIOFU,BNFVZNNIULNIR,20190628121057,002,000,IL
ZNZVZVZLP,BNFVZNUFVFNLU,20190628121057,002,000,ION
LVURVRZUUPUL,BNFVZFUZNPIRI,20190628121057,002,000,LVU
VNUIFZZUV,BNUUZNIPPUOVO,20190628121057,002,000,ION
ZNZNZIZLI,BNFVZNNIULRRN,20190628121057,002,000,ION
ILFNPRRUVRN,BNFVZNNIUZUVU,20190628121057,002,000,IL
ZNZZNRLVI,BNFVZNIUNPPPU,20190628121056,002,000,ION
ZNRURFLII,BNFVZFOURVNPI,20190628121056,002,000,ION
LLRRLORLOLPO,BNFVZFURNRURN,20190628121056,002,000,LL
LLRPOONPOZZO,BNFVZNNIULUUO,20190628121056,002,000,LL
IUVNUZOFUIZF,BNFVZNROPFUFU,20190628121056,002,000,IU
VNUIFZZUV,BNUUZNIPPFFUO,20190628121056,002,000,ION
ZNRNLRILP,BNFVZNNFFLPUU,20190628121056,002,000,ION
ILFOOLUPLRR,BNFVZNNIURUFO,20190628121055,002,000,IL
NVUVLZVULFV,BURVZNLOIOROU,20190628121055,002,000,NVUV
INFLNOZRPRV,BNFVZNNIUOVUF,20190628121055,002,000,IN
VNLLLVLIV,BNFVZNIOIFLVV,20190628121055,002,000,ION
ZFOZIRVNU,BNUUZNRVLIPPI,20190628121055,002,000,ION
ZFOZIRVNU,BNUUZNLVLZFVU,20190628121055,002,000,ION
ZFOZIRVNU,BNUUZNOOLIUOZ,20190628121055,002,000,ION
VNUIFZZUV,BNUUZNFFVLVNU,20190628121055,002,000,ION
ZFOZIRVNU,BNUUZNOURLFFZ,20190628121055,002,000,ION
LLIUUVUUNVUR,BNFVZNNIUROZI,20190628121055,002,000,LL
VOVRUNUIV,BNUUZNUZZZUFZ,20190628121055,002,000,ION
IUPPUOFUZ,BURVZNVIZFOOL,20190628121055,002,000,ION
VILURRZLN,BNUUZNULIFZIL,20190628121055,002,000,ION
OOVNZFRNVPVFP,BNFVZFUZNRNRF,20190628121054,002,000,OO
ZNOLPPVZO,BNFVZNRRILOLL,20190628121054,002,000,ION
VOZIUVIPU,BNFVZNVOLORPU,20190628121054,002,000,ION
ZFZNRNRLI,BNFVZFFNLPFPP,20190628121054,002,000,ION
ZNLOZOUIR,BNFVZFVNLZPUP,20190628121054,002,000,ION
LLRRIUULUFNV,BNFVZNOLLIZRV,20190628121054,002,000,LL
VNUIFZZUV,BNUUZNFFVLVNU,20190628121054,002,000,ION
VVNVULUVP,BNUUZNVNRPVOL,20190628121054,002,000,ION
VNVFPIOOP,BNUUZNRRLFIUZ,20190628121054,002,000,ION
LLRZVUOVNZVF,BNFVZFURNFZNP,20190628121054,002,000,LL
IOVFZNZZLFZZ,BURVZNNPVVZRZ,20190628121054,002,000,IOV
IUPPUOFUZ,BNFVZNZIPURPV,20190628121054,002,000,ION
LIRFRIZUZZZIIL,BNFVZNROPLFPF,20190628121054,002,000,LI
ILFRFZUOOUI,BNFVZNLPIIIUO,20190628121053,002,000,IL
IOVFVNFZVFVL,BNFVZNNIUPVOU,20190628121053,002,000,IOV
ILZNNPNRZIU,BNFVZNNIULRPF,20190628121053,002,000,IL
LLVURZZINILV,BNFVZNNIULLON,20190628121053,002,000,LL
IOINLFVRNNI,BNFVZNNIUFRFI,20190628121053,002,000,IOI
LPORVNPFZOU,BURVDUZNZUUZFFOUFOON,20190628121053,002,000,LP
IIRFILPFZON,BNFVZNNFFLPUU,20190628121053,002,000,II
VNUUNFUUI,BNUUZNVPVFUVF,20190628121053,002,000,ION
IIFVFUPUVZO,BNFVZNNFFLPUU,20190628121053,002,000,II
VNUIVNOUL,BNUUDUZNZUUZFZFPUFNO,20190628121053,002,000,ION
ZNFRVRNNR,BNFVZNUROLRRL,20190628121053,002,000,ION
ILFROUVZIVI,BNFVZNNIULUIZ,20190628121052,002,000,IL
VNNZIZZUU,BURVZNNIURIRP,20190628121052,002,000,ION
ZVFPNRIFL,BURVZNPNVVPLP,20190628121052,002,000,ION
IUPPULIZN,BNFVZVOLNRVFI,20190628121052,002,000,ION
LZNRRLURLRZN,BURVDUZNZUUZFOFVLIRO,20190628121052,002,000,LZ
ZFZOLVZLN,BNFVZFUZRUUVUI,20190628121052,002,000,ION
ZIINNOIUI,BNFVZNIRUZLFL,20190628121052,002,000,ION
VOVRUNUIV,BNUUZNFNNLIRZ,20190628121052,002,000,ION
IUPPNUNLI,BNFVZNNUFIRPI,20190628121052,002,000,ION
ZFOZIRVNU,BNUUZNLVFRLPF,20190628121052,002,000,ION
ZFOZIRVNU,BNUUZNOVULRLU,20190628121052,002,000,ION
ZFOZIRVNU,BNUUZNPUIOUPF,20190628121052,002,000,ION
ZFOZIRVNU,BNUUZNUOOFUZZ,20190628121052,002,000,ION
VNULURNUU,BNUUZNPNVLPVP,20190628121052,002,000,ION
ZNVLNIPUU,BNFVZNVVZUFPI,20190628121051,002,000,ION
