OONZZZNZRPVOP,BNFVZNNIUZULN,20190627235957,002,000,OO
IFVUIFNVLRL,BNFVZNNIULIOV,20190627115834,002,000,IF
IIFFPFOOOFV,BNFVZNONFIFOL,20190627115833,002,000,II
LLROPLFUFNUU,BNFVZNZNPZIUO,20190627115833,002,000,LL
VNUIUVUVF,BNUUZNIPFROLI,20190627115833,002,000,ION
LINOLPFNLR,BURVZNLVFIRNV,20190627115832,002,000,LI
ZNFFVONIV,BNFVZNUPVNORV,20190627115832,002,000,ION
LZNRVVFIVUOV,BNFVZNZNOZLIP,20190627115832,002,000,LZ
IIFVRZZFZZO,BNFVZNIZUFLVF,20190627115831,002,000,II
LLRPFUVINZIL,BNFVZFUZNPIZV,20190627115831,002,000,LL
NFNRLNINRIN,BNFVZNNIULUFV,20190627115831,002,000,NFNR
ZVRZNVPZI,BNFVZNNOVUOIF,20190627115830,002,000,ION
ZNONIFOLZ,BNFVZNIFVPPFU,20190627115830,002,000,ION
ZIOPOVVLP,BURVDUZNZUUZIPNUPUNV,20190627115830,002,000,ION
VNUUNFUUN,BNUUZNIORLUFR,20190627115830,002,000,ION
VNUIUVLLV,BNUUZNZRUNVRR,20190627115830,002,000,ION
INFNVNZIFIO,BNFVZNNIUPNNO,20190627115829,002,000,IN
ILZPVNIFFNN,BNFVFUZNLFNVFIO,20190627115829,002,000,IL
ZNIOUFOLI,BNFVZNZILPLLL,20190627115828,002,000,ION
VNPZPPNRZ,BNUUZVUULPUZZ,20190627115828,002,000,ION
LVURVUZRRFVO,BNFVZNIZIVIZN,20190627115828,002,000,LVU
ILFVVNLIIVU,BURVZNLONIOPZ,20190627115827,002,000,IL
VNULUIPOU,BNUUDUZNVLOVNZLUVVNL,20190627115827,002,000,ION
ZNZNPPIPP,BNFVZNNZPZVPF,20190627115827,002,000,ION
ILFFLRIIVUN,BNFVZNNIUZFVI,20190627115827,002,000,IL
VNLLUOUZZ,BNFVZNNFFLPUU,20190627115826,002,000,ION
IUVRVIUVIUIR,BNFVZNNIULPNZ,20190627115826,002,000,IU
IFIUOVOPOLR,BNFVZNNIUORLZ,20190627115825,002,000,IF
ZNZLUVFFV,BNFVZNZVFIUNU,20190627115825,002,000,ION
VNUILUFPI,BNUUZNRNLPNFL,20190627115825,002,000,ION
ZNOZVRFNF,BNFVZNNFFLPUU,20190627115825,002,000,ION
ZNLRVPUIV,BNFVZFNUNFVPI,20190627115824,002,000,ION
VNUIVVNLI,BNUUZNNPVZINN,20190627115824,002,000,ION
ZIINLNNZP,BNUUZNVOZIIPP,20190627115824,002,000,ION
LLRRVOONIUFR,BNFVZFOPUIOFZ,20190627115823,002,000,LL
LNRFPNZZLVP,BNUUZNORURFLZ,20190627115823,002,000,LN
VNUIFZZUV,BNUUZNRPNZPPF,20190627115823,002,000,ION
IIFPLNLZFPN,BNFVZNRVURUIP,20190627115823,002,000,II
VILRVZNZU,BNUUDUZNVLFVVZZPUOLV,20190627115822,002,000,ION
ZFPIIUPPU,BNFVZFUZNRRIP,20190627115822,002,000,ION
ZNZRZPFUR,BNFVZNVOFOFUV,20190627115822,002,000,ION
ZFOZIRVNU,BNUUZNVRFFOPF,20190627115822,002,000,ION
VNIVLNNUU,BNUUDUZNVLFVNPNRRUUU,20190627115822,002,000,ION
IFRULVLOFVN,BNFVZVUUONFRP,20190627115821,002,000,IF
ILFZFRVIOOO,BURVDUZNZUUZIVLFRFRL,20190627115820,002,000,IL
LLNNIVPLUOFU,BNFVZNNIUPOPF,20190627115820,002,000,LL
ZNFUPRLNU,BNFVZNIINULPU,20190627115820,002,000,ION
VILLVVNNN,BNUUDUZNVLFVILLPLOUO,20190627115819,002,000,ION
ZNPOLLINL,BNFVZNFUUVIVI,20190627115819,002,000,ION
VVUIUZPRU,BNUUZNRRPRUVZ,20190627115819,002,000,ION
ZFOZIRVNU,BNUUZNNOVOIRV,20190627115819,002,000,ION
ZIULVNVVR,BNFVZNNIUZLUI,20190627115818,002,000,ION
ILZNRLIUZUO,BNFVZNOFOZURP,20190627115818,002,000,IL
VNLLUOUZZ,BNFVZNNFFLPUU,20190627115817,002,000,ION
ZNZIPLPUU,BNFVZNRUUPZRR,20190627115817,002,000,ION
VNUINUZPL,BNUUZNLPVVFNU,20190627115817,002,000,ION
ILFUPNROFRO,BNFVZVNNRPRIZ,20190627115816,002,000,IL
VNVFVVNLNIIR,BNFVZNVIUPOFN,20190627115816,002,000,VNV
ZFOZIRVNU,BNUUZNVOPNUZU,20190627115816,002,000,ION
LLNROIIFIIUU,BURVDUZNVLFVFNIILFIU,20190627115816,002,000,LL
ZNZZNPVIF,BNFVZNZZZNOIV,20190627115815,002,000,ION
ZFVNIFNOP,BNFVZNNFFLPUU,20190627115815,002,000,ION
LLRZNRNVIPRU,BNFVZNNIUFPUZ,20190627115814,002,000,LL
IIFRIFRFNUZ,BNFVZNOZUZVZZ,20190627115814,002,000,II
ZFOZIRVNU,BNUUZNOOUUNPP,20190627115814,002,000,ION
IOVFZNIUPLFL,BURVZNNIUFZLZ,20190627115813,002,000,IOV
VILIUNLLI,BNUUDUZNVLFVNVIUFRRI,20190627115813,002,000,ION
VNUILIRVN,BNUUZNPIONFUU,20190627115813,002,000,ION
IIFOURRZLON,BNFVZNZFFPOIR,20190627115812,002,000,II
IOIPRVIVFRUR,BNFVZFURNPLUV,20190627115812,002,000,IOI
ZNRURPNNR,BNFVZNFUVLVFU,20190627115812,002,000,ION
ZVVURUFRI,BNFVZNFVOIOFO,20190627115811,002,000,ION
ZFRZPVPLN,BURVZNNIUZNFV,20190627115811,002,000,ION
ZNVRPIFNU,BNFVZNORLUOLV,20190627115811,002,000,ION
ZIPZURPOZ,BURVDUZNVLFVPZORUOUU,20190627115810,002,000,ION
LZFZLIUOVINL,BURVZNVUFULVR,20190627115810,002,000,LZ
LLNZIVPIPUUO,BNFVZNNIURZVR,20190627115810,002,000,LL
ZNPPVNRUV,BNFVZNIVVLVVN,20190627115809,002,000,ION
ZIINLNNZP,BNUUZNRZZZPVN,20190627115809,002,000,ION
ZIINLNNZP,BNUUZNRPUNNIV,20190627115809,002,000,ION
VNUIUPIFP,BNUUZNNRVZPZP,20190627115809,002,000,ION
ZNLOVNIPF,BNFVZNNFFLPUU,20190627115808,002,000,ION
ZFFNPOZZO,BNFVZFUZRURNUV,20190627115808,002,000,ION
IULOUVUNI,BNUUZNOFURVRL,20190627115808,002,000,ION
ZNVIURFPP,BNFVZNFFUPPVU,20190627115807,002,000,ION
ILFFNNIUUIU,BNFVZNNIUFVUZ,20190627115807,002,000,IL
VVUIUZPRU,BNUUZNVFOORLU,20190627115807,002,000,ION
IIFPZLFRNZP,BNFVZNNIUOPRI,20190627115807,002,000,II
IOLPVNVVOI,BURVZNNIUFFFO,20190627115806,002,000,IOL
ZFOZIRVNU,BNUUZNINVNFNL,20190627115806,002,000,ION
ZIPUIVZUO,BURVZVUOUNIOV,20190627115806,002,000,ION
LLRLRFZZZNUL,BNFVZFUZNFVZF,20190627115805,002,000,LL
IUPPUFZUZ,BURVZNLPIPRVN,20190627115805,002,000,ION
LZNONOVLNUZNZ,BURVZNZNUUPRV,20190627115805,002,000,LZ
ZNLPVZLFI,BNFVZFPNNOLNI,20190627115804,002,000,ION
ZNNPPLULF,BURVZNLNNZZFP,20190627115804,002,000,ION
VIZNLFUNN,BNUUDUZNVLFVNINPRUFU,20190627115804,002,000,ION
ILFPRNVPVVU,BNFVZFILLUVUV,20190627115803,002,000,IL
ILFRORPFVZZ,BURVZNNIUOOOI,20190627115803,002,000,IL
ZFOZIRVNU,BNUUZNFPRLVNF,20190627115803,002,000,ION
ILFVZVFIIIZ,BURVDUZNZUUZIZRNORRZ,20190627115802,002,000,IL
ZIZRNONZI,BNFVZNPNOVLNU,20190627115802,002,000,ION
LLVURZPFVULZ,BNFVZNNIURUIV,20190627115801,002,000,LL
IUPPUFZUZ,BURVZNFFIOLNP,20190627115801,002,000,ION
ILZOOFUUVPV,BURVDUZNZUUZFNZONONU,20190627115801,002,000,IL
LZNRUUNFVOLP,BNFVZNLUOILNR,20190627115800,002,000,LZ
ZFFPIUUUL,BNFVZFFVVOZNR,20190627115800,002,000,ION
IOVFZNRPUOVI,BURVZNIUUPUUL,20190627115800,002,000,IOV
ZFOZIRVNU,BNUUZNVOIRRNN,20190627115800,002,000,ION
ZNVIRIVOU,BNFVZNOIOFOLZ,20190627115800,002,000,ION
ZFNZPPFRI,BURVFUZNLFOOVIV,20190627115759,002,000,ION
ZNVUFPPZR,BNFVZNVUFPPZR,20190627115759,002,000,ION
VNUILLPUN,BNUUZNOVZFILV,20190627115759,002,000,ION
ILFLVOOLZVF,BNFVZVUIPZPLR,20190627115758,002,000,IL
ZNVIPPVON,BNFVZFLORFZOF,20190627115758,002,000,ION
ZFOZIRNZR,BNUUZNVNFIFFL,20190627115758,002,000,ION
LURLPPUNVVN,BNFVZVUOZIFVR,20190627115757,002,000,LU
ZFOZIRVNU,BNUUZNFPVOINZ,20190627115757,002,000,ION
LLROFOFUIZZZ,BNFVZNLVPZLPL,20190627115757,002,000,LL
ZFVVUOUNI,BNFVZNONRZUOR,20190627115756,002,000,ION
VNNVUFZUP,BNUUZNPOPVLNR,20190627115756,002,000,ION
IOVFVNZFZUFV,BNFVZNNIUZZPP,20190627115756,002,000,IOV
VNUIIRPPI,BNUUZNIRFVROI,20190627115755,002,000,ION
VZFIUOIOF,BNUUZNPLVNLUV,20190627115755,002,000,ION
VNNLONOFU,BNUUZNVFZZRNI,20190627115754,002,000,ION
ZIINLNNZP,BNUUZNZNPOPZU,20190627115754,002,000,ION
VNUIIFRRI,BNUUZNNUNNOUR,20190627115754,002,000,ION
VNIPIFUUU,BNUUZNIIINIRO,20190627115754,002,000,ION
ILFNURNZPVP,BNFVZNZOLVFZZ,20190627115753,002,000,IL
VNUILUFPI,BNUUZNZOVIILF,20190627115753,002,000,ION
IZILRIOIZNNI,BURVZNNIUOLOL,20190627115753,002,000,IZ
VVUPUFILR,BNUUDUZNVLOVVRLORUVZ,20190627115752,002,000,ION
VNVPRZUUU,BNUUDUZNZUUZFFOIVUPF,20190627115752,002,000,ION
VIPUUFUUU,BNUUZNZUVFOLO,20190627115752,002,000,ION
ZNUFLNLUF,BNFVZNNFFLPUU,20190627115751,002,000,ION
ILFFULLONLF,BNFVZFNILPRZV,20190627115751,002,000,IL
FRURRZNPVIV,BNFVZNNIUZZVU,20190627115751,002,000,FRU
ILFRPFLPNPL,BNFVZNNIUPPIO,20190627115750,002,000,IL
ILFURORVOIP,BURVZNNIULRIZ,20190627115750,002,000,IL
ZFOZIRVNU,BNUUZNIRUOVLZ,20190627115750,002,000,ION
IIFNUFRZLFI,BNFVZNLIVORFN,20190627115750,002,000,II
ILFURORVOIP,BURVZNNIULRIZ,20190627115749,002,000,IL
IVLZPRNIZVF,BURVZNNIURLOU,20190627115749,002,000,IV
IZUFVZLLPFIZ,BNFVZNNIUZROV,20190627115749,002,000,IZ
IIFNZRPRFRI,BNFVZNFVUILPR,20190627115748,002,000,II
ILFIOFFUUOF,BURVZNNIUOLRF,20190627115748,002,000,IL
IUPPUPFRP,BNFVZNORZLILP,20190627115748,002,000,ION
ZNRNRNONR,BNFVFUZFFNIZNIU,20190627115747,002,000,ION
ZFOZIRVNU,BNUUZNOZINFLR,20190627115747,002,000,ION
VILNZZIOU,BNFVZNFRZUIUV,20190627115747,002,000,ION
IPFNRRRPFRF,BURVZNOVUUVUF,20190627115746,002,000,IPF
IOIPRRPRIRPN,BNFVZNNIUOOZU,20190627115746,002,000,IOI
LZNRIOLFVVPV,BNFVZNZFIVVVV,20190627115745,002,000,LZ
IZRNNZZUUZRV,BURVZNFPZFNOP,20190627115745,002,000,IZ
VNUIVUOVI,BNUUZNLFZOZPI,20190627115745,002,000,ION
ILFRUFUPPZU,BNFVZNNIULPNP,20190627115744,002,000,IL
VNIFNFRFV,BNUUDUZNZUUZFPNNFLPP,20190627115744,002,000,ION
VNUIIILPO,BNUUZNINVPNIL,20190627115744,002,000,ION
VVZLVROLV,BNFVZNVPZZFLR,20190627115743,002,000,ION
LURFURZLPZV,BURVZNOPVZIVU,20190627115743,002,000,LU
ILFRUOIPPZI,BNFVZNLVORVOF,20190627115742,002,000,IL
LIFFUOPOINFP,BURVZVULNZRFF,20190627115742,002,000,LI
ZNZVFIUNU,BNFVZVUVIPULN,20190627115742,002,000,ION
ZIINLNNZP,BNUUZNPPRLIZI,20190627115742,002,000,ION
LZVFVLNPPFV,BNFVZNIFVFZUF,20190627115741,002,000,LZ
ILZIVOIVNRN,BNFVZNVVFNRLR,20190627115741,002,000,IL
LNRZRPVULOU,BURVVVINFPNNZ,20190627115741,002,000,LN
VNUIUZIFF,BNUUZNNNIPPRO,20190627115740,002,000,ION
ZFOZIRVNU,BNUUZNRZZIIUR,20190627115740,002,000,ION
ZFOZIRVNU,BNUUZNVLLVIRP,20190627115740,002,000,ION
LLRPLNLOIUVF,BNFVZNNIUPNFU,20190627115739,002,000,LL
ZNRRNFUZL,BNFVZNPNZOOUU,20190627115739,002,000,ION
ZNVUILRVI,BNFVZNUOZZRLF,20190627115739,002,000,ION
INVIVUFVULU,BNFVZNNIUPIVL,20190627115739,002,000,IN
ZIIILLFFZ,BNFVZNNFFLPUU,20190627115738,002,000,ION
VNLNRPVNP,BNFVZNZZZUFOF,20190627115738,002,000,ION
VZOLUIVUU,BNUUZNUOIZRUR,20190627115738,002,000,ION
NVUVLOOPPPP,BNFVZFROLZFIF,20190627115737,002,000,NVUV
VNUIILLNI,BNUUZNNULVFIR,20190627115737,002,000,ION
ZINLFVURL,BURVDUZNZUUZINLFVUUN,20190627115736,002,000,ION
LLROPNNLVRRI,BNFVZNNIUOFZP,20190627115736,002,000,LL
ZFOZIRVNU,BNUUZNPLZZUVL,20190627115736,002,000,ION
LLRZVUVFPNPV,BNFVZNNIUFFFV,20190627115736,002,000,LL
ZIRIUPPOZ,BNFVZFUZRUFOVO,20190627115735,002,000,ION
VNUNZVPVL,BNUUDUZNZUUZVRZZNLZF,20190627115735,002,000,ION
IIRPRPPUONL,BNFVZVUUNFURV,20190627115734,002,000,II
ZIFZOVZNN,BNFVZNNIUPVLP,20190627115734,002,000,ION
VNUNVIPIO,BNUUDUZNVLFVNLVOFUUU,20190627115734,002,000,ION
ZVFPFUPUO,BNFVZNNIULORL,20190627115733,002,000,ION
ZNNNUOVLP,BURVZNLPZZIVL,20190627115733,002,000,ION
ZNZFFPRNP,BNFVZNNIUPRPF,20190627115733,002,000,ION
ZFPNLOURI,BNFVZNNIUZNOF,20190627115732,002,000,ION
IVVOLVNNRZ,BURVZNNIURLFZ,20190627115732,002,000,IV
IOVFVNRUVVFR,BNFVZNFZRUNFZ,20190627115732,002,000,IOV
ILFVZFRINPR,BNFVZNNIUZVOR,20190627115731,002,000,IL
LLNNIPFPULFP,BNFVZNPNPIFRR,20190627115731,002,000,LL
ILFFLOPUPRL,BNFVZNNFFLPUU,20190627115731,002,000,IL
VIZPUVRUU,BNUUZNZRUINPO,20190627115730,002,000,ION
VNNVNNRZO,BNUUZNPVPONOZ,20190627115730,002,000,ION
IUPPUIVZO,BNFVZNONUNOOU,20190627115730,002,000,ION
VNNLONOFU,BNUUZNORVOUUZ,20190627115729,002,000,ION
ZNNRRVPFI,BNFVZNNFFLPUU,20190627115729,002,000,ION
ZFOZIRVNU,BNUUZNVNPRUNP,20190627115729,002,000,ION
ZFOZIRVNU,BNUUZNPNRRRUL,20190627115729,002,000,ION
ILZNONVZFIV,BNFVZNPONZUPP,20190627115728,002,000,IL
IIFZPNZFVPN,BNFVZNLZFNOFR,20190627115728,002,000,II
ZNZZIUROUFPP,BNFVZNNIUZLUO,20190627115728,002,000,ZN
ZNPOFIFLL,BNFVZNZZVFUNP,20190627115727,002,000,ION
VOLFUZPUU,BNUUDUZNVLOVOLFUZPPU,20190627115727,002,000,ION
ZFFPVIFNO,BURVZNNIUPRZO,20190627115727,002,000,ION
ZFOZIRVNU,BNUUZNUIOFOFO,20190627115727,002,000,ION
VNNLONFLL,BURVZNFNUFONN,20190627115726,002,000,ION
LNRZLORNPLI,BURVDUZNZUUZIZRROPIN,20190627115726,002,000,LN
VNNLONLPV,BNFVZNPVULZII,20190627115725,002,000,ION
IVLROUFOPVR,BURVZNUPVIORZ,20190627115725,002,000,IV
VNUIUPIFP,BNUUZNNUPIZNN,20190627115725,002,000,ION
ILFVRNNVPPI,BNFVZNNIUPNFU,20190627115725,002,000,IL
LNOOLONVNOF,BURVDUZNZUUZFFFOIVIL,20190627115724,002,000,LN
ZNUVRZPRI,BNFVZNRPZPRZR,20190627115724,002,000,ION
IULOULUUO,BNUUZNZIZZUFR,20190627115724,002,000,ION
IOIPRPUIVUII,BNFVZFFUIUPRO,20190627115723,002,000,IOI
LLROZIROVRPL,BURVZNLFVUUIV,20190627115723,002,000,LL
IUPPURULU,BURVZNNZLNPFP,20190627115723,002,000,ION
ILFOVPPFUPV,BNFVZNNIUPVPO,20190627115722,002,000,IL
VIPZZLUUZU,BURVZNNIULRIR,20190627115722,002,000,VIP
VVULUZFNV,BNUUDUZNVLOVINVUIOOV,20190627115722,002,000,ION
ILFOZZLFPOR,BNFVZNLRLPZRN,20190627115721,002,000,IL
VNUIFZZUV,BNUUZNLUVNZFI,20190627115721,002,000,ION
LNRZIRZVIOZ,BURVZNNIUZLLR,20190627115721,002,000,LN
ZFUUVZIFO,BNFVZFZNZIZFI,20190627115720,002,000,ION
ZFOZIRVNU,BNUUZNUZLIZVN,20190627115720,002,000,ION
ZFOZIRVNU,BNUUZNZNROIPZ,20190627115720,002,000,ION
ZFOZIRVNU,BNUUZNLILZPFR,20190627115720,002,000,ION
VOVRUNUIV,BNUUZNNOIPFPF,20190627115720,002,000,ION
ILFFULLONLF,BNFVZFNILPRZV,20190627115719,002,000,IL
LLRLFZRNLNPR,BNFVZNNIUZUZR,20190627115719,002,000,LL
VNUIFZZUV,BNUUZNFVPFPZO,20190627115719,002,000,ION
IPOIVLIVNIU,BURVZNUFZFFVI,20190627115718,002,000,IPO
ILFRFZPNVRP,BNFVZNUFVFNLU,20190627115718,002,000,IL
ZFFULIROF,BURVZNNIUZZIR,20190627115717,002,000,ION
VNNVILPLN,BNUUZNVVUVPRZ,20190627115717,002,000,ION
LNRZRFNFPFP,BURVZNNIUPUPF,20190627115716,002,000,LN
ZNZLLOOVU,BNFVZNZLLOOII,20190627115716,002,000,ION
ZVOZOZZFL,BURVZNIZUZOUO,20190627115716,002,000,ION
LZNRFFNIFNRZL,BNFVZNNIUZRZP,20190627115716,002,000,LZ
IZILZLRILUPU,BNFVZNNIUPOLR,20190627115715,002,000,IZ
IIROIRLOVPU,BNFVZVUVOLZLU,20190627115715,002,000,II
ZNZZVINUZ,BNFVZNZZVINUR,20190627115715,002,000,ION
ZNVVLZRZI,BNFVZNZLLORRF,20190627115714,002,000,ION
VNUNNLLLL,BNUUZNPOOFOOV,20190627115714,002,000,ION
LZNONFIILZFVR,BNFVZNZULFUPZ,20190627115714,002,000,LZ
IIFZPNZFVPN,BNFVZNLZFNOFR,20190627115713,002,000,II
VNUILZPUZ,BNFVZNPFOPUUR,20190627115713,002,000,ION
IUVPVNURRFVL,BNFVZNZIZZUFR,20190627115712,002,000,IU
IIFONFNPLRN,BNFVZNNIUOLUR,20190627115712,002,000,II
VNNLONLPV,BNFVZNPZOUVLL,20190627115711,002,000,ION
LZNRUIILNNUI,BNFVZNNIUOPOU,20190627115711,002,000,LZ
ZNVIVFUON,BNFVZVOPNPZPO,20190627115711,002,000,ION
VILRVZNZU,BNUUDUZNVLFVVZZPUOLL,20190627115711,002,000,ION
ZNILUUFFP,BNFVZNPZZVVUF,20190627115710,002,000,ION
ZNUZRPPVR,BNFVZNLVZIZFF,20190627115710,002,000,ION
IOIPOVROILNL,BNFVZFUZNPORZ,20190627115710,002,000,IOI
ZUOIVIPOLZRR,BNFVZNNIURRNR,20190627115710,002,000,ZU
ZFLRZONUI,BURVFUZNVNUIOZZ,20190627115709,002,000,ION
ZFOZIRVNU,BNUUZNZLLFURV,20190627115709,002,000,ION
LURLIINPFOU,BNFVZVUIZOPIF,20190627115709,002,000,LU
ZNIRZPNIL,BURVZNILINUPV,20190627115708,002,000,ION
IOVFVNNZVPLU,BNFVZNRRPURRV,20190627115708,002,000,IOV
VNUILUFPI,BNUUDUZNVLOVNVLNUVOU,20190627115708,002,000,ION
VNUPNZPOP,BNUUZNLFOZVNN,20190627115708,002,000,ION
IOIORZIONFFP,BNFVZNNIUONNP,20190627115707,002,000,IOI
ZRVOLVULVFPU,BURVZNNIUPOZO,20190627115707,002,000,ZRV
IZIVRORRIPPI,BNFVZNNIUZFVO,20190627115707,002,000,IZ
ZNFZIPPUF,BNFVZNFLUVUNU,20190627115706,002,000,ION
VNUIUPOLI,BNUUZNULVONFF,20190627115706,002,000,ION
ZVLIIZNRU,BURVDUZNZUUZFFZOLUUP,20190627115706,002,000,ION
ZIINLNNZP,BNUUZNORUZNPZ,20190627115706,002,000,ION
ZIINLNNZP,BNUUZNFRZPPRN,20190627115706,002,000,ION
VVZLVROLV,BNFVZNINUURPU,20190627115705,002,000,ION
ZIINLNNZP,BNUUZNIOUOFRO,20190627115705,002,000,ION
ZNIOOUNUU,BURVDUZNVLOVNVUZLVIN,20190627115705,002,000,ION
ILFPFZVUIVV,BNFVZNNIUPUPN,20190627115705,002,000,IL
LLROIOPFFLUL,BNFVZVUURIIZN,20190627115704,002,000,LL
ILFOPZRNNLF,BNFVZNNIUOIFR,20190627115704,002,000,IL
ILFIIPFIVFZ,BNFVZNNIUZVVU,20190627115704,002,000,IL
VLLZLONFNPUF,BURVDUZNZUUZFFPVPILF,20190627115703,002,000,VLL
ILZNOZUOVUU,BNFVZNRRUNOFU,20190627115703,002,000,IL
VNNNINIRU,BNFVFUZNFVZUPII,20190627115703,002,000,ION
IOIPRPULORRO,BNFVZNNIUOIFP,20190627115702,002,000,IOI
VNPLNUPUU,BNUUZNLLZZIZZ,20190627115702,002,000,ION
VNUIIULUF,BNUUZNRLOPOUP,20190627115702,002,000,ION
ZNVLPLRPR,BNFVZFUZRUUUPF,20190627115701,002,000,ION
IIFNNZUVILU,BNFVZNNIUPFLZ,20190627115701,002,000,II
LLNFVPLRNLFU,BNFVZFUZNRPVZ,20190627115701,002,000,LL
ZNLURUUNF,BNFVZNNVNVUUU,20190627115700,002,000,ION
ILFFUIRRVPP,BNFVZNNIULPVF,20190627115700,002,000,IL
LVURROVLFIIN,BNFVZNNIUPRNV,20190627115700,002,000,LVU
ILFIPUNPZRO,BURVDUZNZUUZIOVNZOFN,20190627115700,002,000,IL
LZNFUZRZNULIR,BNFVZNNIUFINN,20190627115659,002,000,LZ
IIFVRUUUUUU,BNFVZNIFRPZZP,20190627115659,002,000,II
VOVUZOIRL,BURVDUZNZUUZVONUZZPL,20190627115659,002,000,ION
ILFFRLOVOOO,BURVDUZNZUUZFFPIURZV,20190627115658,002,000,IL
ZNOOIFULL,BNFVZNPFFNOIR,20190627115658,002,000,ION
IULOUVFZF,BNUUZVUOPFZIL,20190627115658,002,000,ION
ZFOZIRVNU,BNUUZNZRVNLNV,20190627115658,002,000,ION
IIFOPRIFIZF,BNFVZNFFVVOIP,20190627115657,002,000,II
ZFOZIRVNU,BNUUZNLROLLLF,20190627115657,002,000,ION
IIRPUUZUFLV,BNFVZNZNRRNRO,20190627115657,002,000,II
ZNRVVUFVI,BNFVZNFNLFZUI,20190627115656,002,000,ION
LLVUIINOIUUU,BNFVZNNIURFVZ,20190627115655,002,000,LL
IUPPUZION,BNFVZNVLVFUPR,20190627115655,002,000,ION
ZNOUORPFN,BNFVZNNFFLPUU,20190627115655,002,000,ION
ZIINLNNZP,BNUUZNPPIOLRV,20190627115655,002,000,ION
IUPPURPLU,BNFVZFZZNUOIU,20190627115654,002,000,ION
RZVZZLORFZU,BURVZNNIUZUOU,20190627115654,002,000,R
ZFOZIRVNU,BNUUZNZUOOZLF,20190627115654,002,000,ION
LVURIRNURIIR,BURVZNVZFPLLN,20190627115653,002,000,LVU
IIRPRPPUONL,BURVZVUUNFURV,20190627115653,002,000,II
ZFIOLRLFL,BNFVZFUZRUNFLP,20190627115653,002,000,ION
ZNIVUOVFI,BURVZNNIULOPV,20190627115652,002,000,ION
LOZVNOOFPR,BNFVZNNFFLPUU,20190627115652,002,000,LO
ZFOZIRVNU,BNUUZNLVPFFLL,20190627115652,002,000,ION
ZNIINZIRR,BNFVZNZNFRFOI,20190627115652,002,000,ION
ILFLVOOVPLO,BNFVZNNIURLLI,20190627115651,002,000,IL
VNNLONLZZ,BNFVZNZPZLVZZ,20190627115651,002,000,ION
VIPUUFUUN,BNUUDUZNZUUZFZURIIOP,20190627115651,002,000,ION
RURVUUFOF,BURVZNPVRILVV,20190627115650,002,000,ION
ZFOZIRVNU,BNUUZNNZNLUZI,20190627115650,002,000,ION
LUOVFONULNU,BURVVVIVLPPZZ,20190627115649,002,000,LU
VNUILIRVN,BNUUZNOFIZIIN,20190627115649,002,000,ION
ILFLZNUILOF,BNFVZNNIUPFVI,20190627115649,002,000,IL
ZIOUNUOPU,BURVZNOVZLIIO,20190627115648,002,000,ION
ILZPNFZRLLP,BNFVZNVRPROVV,20190627115648,002,000,IL
ZFOZIRVNU,BNUUZNZFLZZLR,20190627115648,002,000,ION
ZIFLUNIFR,BNFVZFUZRURNZI,20190627115647,002,000,ION
IIRRRZIIOUV,BNFVZNVVNOINO,20190627115647,002,000,II
IUPPUVNZO,BURVDUZNZUUZFIPIIUIU,20190627115647,002,000,ION
IIFIPLNNVFF,BNFVZNNIUONPN,20190627115646,002,000,II
VNUILUFPI,BNUUDUZNVLFVNLRLIVUO,20190627115646,002,000,ION
LLVUIPUUNVNR,BNFVZNNZLPIVZ,20190627115646,002,000,LL
ZIINLNNZP,BNUUDUZNZUUZIPFFFRRV,20190627115646,002,000,ION
ZNINPPPRP,BNFVZFUNIOPFR,20190627115645,002,000,ION
VNFURUIUN,BNFVZNNFFLPUU,20190627115645,002,000,ION
ILFIVRIFOOO,BURVDUZNVLOVVOORIPLU,20190627115644,002,000,IL
ZNPRUNVPI,BNFVZNNFFLPUU,20190627115644,002,000,ION
VNNLONLZZ,BURVZNZPZLVZZ,20190627115644,002,000,ION
IIZONFIZORF,BURVDUZNZUUZFNRILOZL,20190627115643,002,000,II
ILFVZOPVPZI,BNFVZNNIURUIZ,20190627115643,002,000,IL
VVRLOUZNO,BNUUDUZNVLOVVRFLOPZI,20190627115642,002,000,ION
ZIVVROLVU,BNFVZNUVUVPPP,20190627115642,002,000,ION
LLVUIPNORILI,BNFVZNNIUFOLZ,20190627115642,002,000,LL
IVLRNLLNIPL,BURVZNRORNPFI,20190627115641,002,000,IV
ZNUOUUFIO,BNFVZFZOZIFFO,20190627115641,002,000,ION
ILFPRPLOPPR,BNFVZNZRPPFIL,20190627115641,002,000,IL
IOVFFNIZRIZV,BURVZNNIULRFR,20190627115640,002,000,IOV
POVINLPZUZU,BURVZNNPOFPFL,20190627115640,002,000,POV
LPFUFUROUPV,BNFVZNROVOLLV,20190627115640,002,000,LP
LLNVIOUIPPNV,BNFVZNNIUFOIU,20190627115639,002,000,LL
ILZIRNNRPNN,BURVZNZZRLZPF,20190627115639,002,000,IL
ZRVOVLNILPPR,BURVZNNIUOPVR,20190627115639,002,000,ZRV
LLRPPZUFLPPV,BNFVZNNIUOIVU,20190627115639,002,000,LL
ZFOZIRVNU,BNUUZNNUVFRPV,20190627115639,002,000,ION
ZNZUVNVOU,BNFVZNNIURNFO,20190627115638,002,000,ION
ZFOZIRVNU,BNUUZNIIFLZRR,20190627115638,002,000,ION
ZIINUUZZZ,BNFVZNIIIVOUV,20190627115638,002,000,ION
ZNVZFRVOZ,BNFVZNIUPLZUI,20190627115638,002,000,ION
ILFPILPURFU,BNFVZNULLPRLZ,20190627115637,002,000,IL
ZNZRZVUIZ,BNFVZVOLNPRRL,20190627115637,002,000,ION
IZIPZVRRRLLR,BURVZNNIUFIUV,20190627115636,002,000,IZ
VIPUUFUUN,BNUUZNZNNZULI,20190627115636,002,000,ION
ILFUZNFFOUU,BNFVZNNIULRLV,20190627115636,002,000,IL
VVUIUZPRU,BNUUZNOVVFUIU,20190627115635,002,000,ION
VNUILLPUN,BNUUZNLLVNIZF,20190627115635,002,000,ION
VVUIUZPRU,BNUUZNOOIPUPU,20190627115635,002,000,ION
ZNPFPPNNF,BNFVZFZUFZNFZ,20190627115634,002,000,ION
VLIIUUVUU,BNUUZNZOULZIL,20190627115634,002,000,ION
VNNVNNRZO,BNUUZNFULUNRF,20190627115634,002,000,ION
ILFRINUIRIR,BNFVZNRPNZOFL,20190627115633,002,000,IL
LLRZVZVPOLFL,BNFVZFURIIVOF,20190627115633,002,000,LL
VNUIUPUIO,BNUUZNUNFUUVF,20190627115633,002,000,ION
VFVVPVLLI,BNUUZNLROIOIU,20190627115632,002,000,ION
LLNPVOVZZNFP,BNFVZNZROVRIF,20190627115632,002,000,LL
VNNLONLPV,BNFVZNNZPZIVN,20190627115632,002,000,ION
LFRZURFVNUV,BNFVZNZNZPUZZ,20190627115631,002,000,LF
ZIZUUNIIZ,BURVZNRORIIIR,20190627115631,002,000,ION
IIFFNONUFIV,BNFVZNNIUZFII,20190627115631,002,000,II
LNRZVVIIZLU,BURVZNNIULRON,20190627115631,002,000,LN
ZNNZVIOLI,BNFVZNUFLFFIV,20190627115630,002,000,ION
IOVFZNFFNPZN,BURVZNLLVPVLO,20190627115630,002,000,IOV
VNUIIFRRI,BNUUZNRFVNIFO,20190627115630,002,000,ION
VVUIUZPRU,BNUUZNLIOUPVN,20190627115630,002,000,ION
ZFOZIRVNU,BNUUZNORNNIZV,20190627115630,002,000,ION
VNUIUPUIO,BNUUZNZLOZFIN,20190627115630,002,000,ION
ZFOZIRVNU,BNUUZNUNZOFON,20190627115630,002,000,ION
ZNRUVNFUO,BURVDUZNZUUZILFOOFIV,20190627115629,002,000,ION
ZFOZIRVNU,BNUUZNPNFFUNO,20190627115629,002,000,ION
INPPUNULLPU,BNFVZNIZPZLLN,20190627115629,002,000,IN
ZNNOZPPNR,BNFVZNULPURVZ,20190627115628,002,000,ION
LFNPLZORNFL,BURVZNRRFRLOF,20190627115628,002,000,LF
ILFFNULVLVU,BNFVZNNIUZLVP,20190627115628,002,000,IL
IOINLIRIFON,BNFVZNOPFFLVR,20190627115627,002,000,IOI
ZIRPOIUFV,BURVZNNPRZNZR,20190627115627,002,000,ION
VVUIUZPRU,BNUUZNRPFZFOR,20190627115627,002,000,ION
VNNVNNRZO,BURVZNLUNNUFI,20190627115626,002,000,ION
VNULNZLVV,BNUUZNVOPZVUR,20190627115626,002,000,ION
VVUIUZPRU,BNUUZNFLLILRL,20190627115626,002,000,ION
VOVFLURVU,BNUUDUZNZUUZFUVIPIUZ,20190627115625,002,000,ION
VNUILIRRO,BNUUZNVFVPNIR,20190627115625,002,000,ION
ZFRNVUPZO,BNFVZNNFFLPUU,20190627115625,002,000,ION
ILZNLLUPNOU,BNFVZNZOZNVRO,20190627115624,002,000,IL
IUPPUFZUZ,BURVZNPLPRNUV,20190627115624,002,000,ION
ZNZRINROR,BNFVZFLUZIVFN,20190627115624,002,000,ION
ZNNRVPOFL,BNFVZNOLZZVVN,20190627115623,002,000,ION
VNUIFZZUV,BNUUZNUNPZPVP,20190627115623,002,000,ION
VOVRUNUFU,BNUUZNRUIFUOI,20190627115623,002,000,ION
ZNLVPZPLF,BNFVZNFUROIUN,20190627115622,002,000,ION
ZNRONURFI,BNFVZNFVVVINI,20190627115622,002,000,ION
ZFIULNPOP,BNFVZFFIFRPOO,20190627115622,002,000,ION
ZIOUFZRZO,BNFVZNUULLUOV,20190627115622,002,000,ION
ILFRRUULPVU,BNFVZNNIUPNOU,20190627115621,002,000,IL
VNUILUFPI,BNUUZNZIFFRVO,20190627115621,002,000,ION
VRPLVPVLF,BNUUDUZNVLOVRZVOLUPZ,20190627115621,002,000,ION
ZNRUNZVOI,BNFVZNOUFVVNP,20190627115620,002,000,ION
ZNLRVPUIV,BNFVZFNUNFVPI,20190627115620,002,000,ION
IZIIOPZUOOUV,BNFVZFIRNNNZN,20190627115620,002,000,IZ
ZNOOUIORP,BNFVZNULZPORR,20190627115619,002,000,ION
ILFVFPNLOVI,BNFVZNNIUZNVR,20190627115619,002,000,IL
ZIINLNNZP,BNUUZNUVZZIIL,20190627115619,002,000,ION
IIFFLFIRONZ,BURVDUZNZUUZIPLVPLLP,20190627115619,002,000,II
VNRPUOUUU,BNUUZNOPLILVP,20190627115619,002,000,ION
ZILLLPIIU,BURVZNNFFLPUU,20190627115618,002,000,ION
LLVPZOININPU,BNFVZNNIURLFI,20190627115618,002,000,LL
VNNVNNRZO,BURVZNRVFUOPV,20190627115618,002,000,ION
ILFUPVVUUPR,BNFVZNNIURPFO,20190627115617,002,000,IL
IIRFZFUINRP,BNFVZNPROLFLV,20190627115617,002,000,II
VNUIUPURF,BNUUZNPZOZZFL,20190627115617,002,000,ION
ZNLILZVRU,BNFVZNVVOUURR,20190627115616,002,000,ION
VVUIUZPRN,BNUUZNRNIONOO,20190627115616,002,000,ION
ZVRZFNPPF,BNFVZNNFFLPUU,20190627115615,002,000,ION
ZNLZVIINP,BURVZNVVOPILN,20190627115615,002,000,ION
ZNIVURLUR,BNFVZNRRVVZPO,20190627115615,002,000,ION
ILFFRZVOPRN,BNFVZNNIULZFR,20190627115615,002,000,IL
IZIIZRIURLVV,BNFVZNFONVZNF,20190627115614,002,000,IZ
VNIVINLRV,BNUUZNOZVLVNF,20190627115614,002,000,ION
ILFFNFOLUPF,BNFVZNONUUNOO,20190627115613,002,000,IL
ZNONNUNFV,BNFVZNNIURRRL,20190627115613,002,000,ION
LLNRZOPRLIUN,BURVDUZNVLOVLOVUIVUL,20190627115613,002,000,LL
IZUVZUUZVIPU,BNFVZNOVONUVU,20190627115612,002,000,IZ
VNUUIRIUV,BNUUZNFUILZVP,20190627115612,002,000,ION
ILFIUIUUVRVNINVOP,BNFVZNNIUPPNU,20190627115612,002,000,IL
VNUILZFVF,BNUUZNLUURNPF,20190627115611,002,000,ION
VNIFNVVUU,BURVZNVFZUROP,20190627115611,002,000,ION
ZNUNFVNLU,BNFVZNNFFLPUU,20190627115610,002,000,ION
IIFVZOPRZZN,BNFVZNNIUZNZV,20190627115610,002,000,II
VNNVNNRZO,BNUUDUZNZUUZFPZLNFNR,20190627115610,002,000,ION
IVLZRLLLVIZ,BURVZNNIUPUNP,20190627115609,002,000,IV
ZIINLNNZP,BNUUZNOFRUZLN,20190627115609,002,000,ION
ZIINLNNZP,BNUUZNFRILLPO,20190627115609,002,000,ION
IUPPURULU,BURVZVUIZVUII,20190627115609,002,000,ION
LLVUIPUUNVNR,BNFVZNNZLPIVZ,20190627115608,002,000,LL
ZNLZFUFNI,BNFVZNIOFNZFP,20190627115608,002,000,ION
ZNULOPFOR,BNFVFUZNPRZIVLZ,20190627115607,002,000,ION
LZNRFIOOFUUZR,BURVDUZNVLOVLOVUIVUL,20190627115607,002,000,LZ
ZFOZIRVNU,BNUUZNFNNZOZI,20190627115607,002,000,ION
ZFOZIRVNU,BNUUZNOFNVNOP,20190627115607,002,000,ION
ZNFNPUPNN,BNFVFUZNROUZVFP,20190627115607,002,000,ION
IIFUOPZFIUV,BNFVZNOVUUVUF,20190627115606,002,000,II
VNUINRZFF,BNUUZNFUFUVLI,20190627115606,002,000,ION
IVLRNRIUULF,BNFVZNNIUZNIZ,20190627115606,002,000,IV
ZFOLOVLOP,BNFVZFIFLVIZN,20190627115605,002,000,ION
VNNLONLPV,BNFVZNNZPZIVN,20190627115605,002,000,ION
ZNRNVORLZ,BNFVZNFOIURVF,20190627115605,002,000,ION
ILFVZOLPRRL,BNFVZNNIUFNZP,20190627115604,002,000,IL
LLRRLPPUVUUF,BNFVZNNIULZUU,20190627115604,002,000,LL
LLRRRZVLUZPF,BNFVZNNIURROI,20190627115604,002,000,LL
ZNROFLLIF,BNFVZNZUIPPOL,20190627115604,002,000,ION
ILFIZVZNFLV,BNFVZNNIUFIPU,20190627115603,002,000,IL
LLNFULFFLOUU,BNFVZNNIUZNOP,20190627115603,002,000,LL
ILFNUONOOPL,BNFVZNNIUOILP,20190627115603,002,000,IL
LFLRFZPOVZ,BNFVZVNRIUUIP,20190627115602,002,000,LF
VVUIUZPRN,BNUUZNFVVNFZP,20190627115602,002,000,ION
LFLRFZPOVZ,BNFVZVNRIUUIP,20190627115601,002,000,LF
ILFFNULVLVU,BNFVZNNIUFUNI,20190627115601,002,000,IL
ZFOZIRVNU,BNUUZNPPVRZVO,20190627115601,002,000,ION
ZFOZIRVNU,BNUUZNLZLPVIU,20190627115601,002,000,ION
LLROLNLRZFOR,BNFVZNNIUFLOF,20190627115601,002,000,LL
ZNUIZVZZR,BNFVZNVVVFLFP,20190627115600,002,000,ION
VIPZZNOIZI,BNFVZNRRFVNZR,20190627115600,002,000,VIP
IOIPRFOFNOVZ,BNFVZNULRRIRI,20190627115600,002,000,IOI
ZNFFFPUPF,BNFVZNIPFVZUL,20190627115559,002,000,ION
ZFOZIRVNU,BNUUZNOPOVOIR,20190627115559,002,000,ION
ILZROFRUFRF,BNFVZNNIULFLZ,20190627115559,002,000,IL
ZNFRNZNRR,BNFVZNNZIOVFL,20190627115559,002,000,ION
ZNRVNVZUI,BNFVZNLNPFIIR,20190627115559,002,000,ION
ZFVPPVUPP,BNFVZNRNLUZUR,20190627115558,002,000,ION
IOVFVNRNUPNR,BNFVZNNIUFPNN,20190627115558,002,000,IOV
IUPPUFZUZ,BNFVZNVIZULFP,20190627115558,002,000,ION
IOZPPRUVNUUU,BNFVZVUUFNRVL,20190627115557,002,000,IOZ
ILFIUZVZPPN,BNFVZNNIURLUZ,20190627115557,002,000,IL
ILFRNLRVOFP,BNFVZNNIUOPUP,20190627115557,002,000,IL
ZNOIFOFUP,BNFVZNVORZUNU,20190627115557,002,000,ION
FFPNFRUIUFR,BNFVZVUIVOOVZ,20190627115556,002,000,FF
IZURRNRUUORL,BNFVZNFFLRZVI,20190627115556,002,000,IZ
LZNFUZUZNLPZV,BURVZNZVORFZL,20190627115556,002,000,LZ
IVLRRIINNVU,BURVDUZNZUUZIIOFVUNN,20190627115555,002,000,IV
IZIPZPPUOOPZ,BNFVZFOIPUFNL,20190627115555,002,000,IZ
ZFIRPPVIR,BNFVZNNIUOULU,20190627115554,002,000,ION
ZNFIRZOVR,BURVZNVNNLLZF,20190627115554,002,000,ION
ZIINLNNZP,BNUUZNPLRFRLR,20190627115554,002,000,ION
ILZPNNRZNVI,BURVDUZNZUUZFVOVFOLF,20190627115554,002,000,IL
ZNIIUOIOP,BURVZNIUVLLVF,20190627115553,002,000,ION
ILFPFNRIRIL,BNFVZNNIUZZNU,20190627115553,002,000,IL
VNRZFZNPF,BNUUZNZIONVOV,20190627115553,002,000,ION
VNUIFZZUV,BNUUZNFIOIRRR,20190627115553,002,000,ION
ILFIPINZVVZ,BNFVZNIVUNVIU,20190627115553,002,000,IL
ZFFNFRFIV,BNFVZNNIUOVFO,20190627115552,002,000,ION
VNUIUPOLI,BNUUZNPPILLLR,20190627115552,002,000,ION
ZFOZIRVNU,BNUUZNFFNRLPV,20190627115552,002,000,ION
ILFVOOFUPLN,BURVVVUZVURPV,20190627115551,002,000,IL
ZNZOUUPFL,BNFVZNLUZLNLV,20190627115551,002,000,ION
VLLZVPZUIPUF,BNFVZNPVPNZRR,20190627115551,002,000,VLL
NONFLORIOOV,BNFVZNNIULZUO,20190627115550,002,000,NONF
ZFZIZUZFI,BNUUDUZNZUUZIFIPVOON,20190627115550,002,000,ION
ZFNRNLVLF,BNFVFUZVFIPPRLN,20190627115549,002,000,ION
ILFURINVZZF,BNFVZNRIUUIZO,20190627115549,002,000,IL
ZFRPUNVZP,BNFVZNNIUPINR,20190627115549,002,000,ION
ZFOUZIIPR,BURVZNRVOIFLR,20190627115548,002,000,ION
ZNPNFFNVZ,BNFVZNRLIOZIN,20190627115548,002,000,ION
NFNVVUNZVLP,BNFVZNNIUFLZU,20190627115548,002,000,NFNV
IOIPRZLOVUUU,BNFVZNNIUPPPN,20190627115547,002,000,IOI
IOIPOPIIPUVZ,BNFVZNNIUOZVR,20190627115547,002,000,IOI
ZNRUPFUVF,BNFVZNRUPFUOP,20190627115547,002,000,ION
VVULUVULL,BNUUDUZNVLFVOIIURLUU,20190627115547,002,000,ION
ILFUUNNVOLR,BNFVZNNZUNOLO,20190627115546,002,000,IL
ZFOZIRVIN,BNUUZNIFPIIFI,20190627115546,002,000,ION
ILFRZLOZNZR,BNFVZNRRRPURP,20190627115546,002,000,IL
IOVFVNFOPZNR,BNFVZNIPLFROI,20190627115545,002,000,IOV
VNUIUPUIO,BNUUZNUZULIPZ,20190627115545,002,000,ION
ZIFOLUURZ,BNUUZNZOLORRO,20190627115545,002,000,ION
IIFPIPRUURO,BURVDUZNZUUZFVFVPLLP,20190627115544,002,000,II
ZNUILZFZF,BNFVZNOLOLPFF,20190627115544,002,000,ION
ZIINLNNZP,BNUUZNRVRFPFL,20190627115544,002,000,ION
ZIINLNNZP,BNUUZNZORRFRU,20190627115544,002,000,ION
ZNPZNPZZI,BNFVZNFLRRZOU,20190627115544,002,000,ION
ZVULZNFNR,BURVZVUUUNVRU,20190627115543,002,000,ION
LNRZRZFOZZU,BURVVLZUZUZLR,20190627115543,002,000,LN
ILZNLNUOIUP,BNFVZNVNUULOV,20190627115542,002,000,IL
LLRRRFNORPVV,BNFVZNNIUORFV,20190627115542,002,000,LL
ZFOZIRVNU,BNUUZNNZULOFN,20190627115542,002,000,ION
ZFOZIRVNU,BNUUZNOPRNRNN,20190627115542,002,000,ION
ZFOZIRVNU,BNUUZNUNFOFIV,20190627115542,002,000,ION
VNNLONLPV,BNFVZNUUORURP,20190627115541,002,000,ION
VNUIFZZUV,BNUUZNUNNRNOI,20190627115541,002,000,ION
ZNFRZIPLF,BNFVZNIPRINVL,20190627115541,002,000,ION
ZNUNFNLIL,BNFVZNRFRFRPP,20190627115540,002,000,ION
ZNPFNFLRR,BNFVZVOILOUVL,20190627115540,002,000,ION
VNUILLPUN,BNUUZNRFFRUZV,20190627115540,002,000,ION
LLVUINFRIPRU,BNFVZNNIULNVF,20190627115539,002,000,LL
VNULNIORP,BNUUDUZNVLOVNLRNNZZV,20190627115539,002,000,ION
INFLOLRUIRV,BNFVZNZFOOUIU,20190627115539,002,000,IN
VLLPONFUU,BNFVZNNFFLPUU,20190627115538,002,000,ION
ZFOZIRVNU,BNUUZNLULZVUU,20190627115538,002,000,ION
VVIVZOIUF,BNFVZNFPVFOIN,20190627115538,002,000,ION
VVUULRPRV,BNFVZNNFFLPUU,20190627115538,002,000,ION
ILFURIOOVUU,BURVZNZINOFZR,20190627115537,002,000,IL
VVUIUZPRN,BNUUZNOPONVIF,20190627115537,002,000,ION
VNRPULRUU,BNUUDUZNVLOVNIONUOIU,20190627115537,002,000,ION
VNIPZFFUU,BNFVZNNIUOOLZ,20190627115536,002,000,ION
VVZLVROLV,BNFVZNPZZVFFF,20190627115536,002,000,ION
VPZPZRZRL,BNFVZNNIURFLL,20190627115536,002,000,ION
ZFOLOFNOR,BNFVZFZVPOLLP,20190627115535,002,000,ION
VNUIFZZUV,BNUUZVUVPFIZR,20190627115535,002,000,ION
LLNFNOIRZOIF,BNFVZFURIOIUL,20190627115534,002,000,LL
LZNRUUNFUUVR,BNFVZNNIURVLO,20190627115534,002,000,LZ
VNNUVRRVN,BNUUDUZNVLFVNLNFFIZU,20190627115534,002,000,ION
ZIINLNNZP,BNUUZNPZNLFNO,20190627115534,002,000,ION
VNUIUPUIO,BNUUZNLLRLIIO,20190627115534,002,000,ION
PFORNOFIZPFVL,BNFVZNNIURZOU,20190627115533,002,000,PF
VLIIUUVUU,BNUUZNZOIFPRU,20190627115533,002,000,ION
IUPPUFZUZ,BNFVZNOVPNFRF,20190627115532,002,000,ION
ZRRZPFUPLOZII,BURVZVULLUZPI,20190627115532,002,000,ZRR
VVUIUZPRU,BNUUZNLUVONZV,20190627115532,002,000,ION
ILFFFLVFIPZ,BNFVZNIRLVLUZ,20190627115531,002,000,IL
VVUIUZPRN,BNUUZNZFLLVLV,20190627115531,002,000,ION
INVVLVNINRV,BNFVZNNIURFRL,20190627115531,002,000,IN
ZIVIOVFNN,BNFVZNZPUOOLP,20190627115530,002,000,ION
VNUIIZZUO,BNUUZNLRLOIVV,20190627115530,002,000,ION
ZIINLNNZP,BNUUZNRPULUPZ,20190627115530,002,000,ION
ZNLVRFPPF,BNFVZFUZNRNOZ,20190627115529,002,000,ION
NZNRVZRFUFR,BNFVZNNIURVFO,20190627115529,002,000,NZNR
ZFOZIRVNU,BNUUZNVVUPZRV,20190627115529,002,000,ION
VNUIFZZUV,BNUUZNLNINIUN,20190627115529,002,000,ION
ZIRZUUUVU,BNFVZNNIURVLO,20190627115528,002,000,ION
VNUUNFUUN,BNUUZNRPZLNNR,20190627115528,002,000,ION
VNUIVFUFL,BNUUZNINRPOVZ,20190627115528,002,000,ION
ZNIUVFLIP,BNFVZVLIFVRZP,20190627115527,002,000,ION
IOPOUOROIIVV,BNFVZNNIUZPOF,20190627115527,002,000,IOP
ZFPVVNNLP,BNFVZFUZRUUPOP,20190627115526,002,000,ION
IIFFLRNPNLN,BNFVZNNIURFLO,20190627115526,002,000,II
ILFURNPUPUF,BNFVZNNIUOOIV,20190627115526,002,000,IL
INFLFRIIZFI,BNFVZNLIZNNNF,20190627115525,002,000,IN
VNULNIORP,BNUUDUZNVLOVNLRNFLUO,20190627115525,002,000,ION
ZFOZIRVNU,BNUUZNZZVUFRP,20190627115525,002,000,ION
VILIRUVUU,BNUUDUZNVLOVILIPOURO,20190627115525,002,000,ION
ILZRNURVLVV,BNFVZNNFFLPUU,20190627115524,002,000,IL
ZNUPILVOV,BNFVZFRRZIIVP,20190627115524,002,000,ION
IIONZFOULFZ,BNFVZNNIUPFNI,20190627115524,002,000,II
VNNLONLPV,BNFVZNOUUFPFP,20190627115524,002,000,ION
VLLZIZUZILOP,BNFVZNVOZVFOP,20190627115523,002,000,VLL
ILFZVNIZPOL,BNFVZNNIUZFIN,20190627115523,002,000,IL
VNUIFZZUV,BNUUZNFZUIUUP,20190627115523,002,000,ION
INFPVNVRUPN,BNFVZNNIUPVRL,20190627115522,002,000,IN
ILFUFLUVFON,BNFVZNNPNVFLP,20190627115522,002,000,IL
IIRRPPRVVIF,BNFVZNPVONUUF,20190627115522,002,000,II
ZNVUVFUVN,BURVDUZNZUUZILROIPRI,20190627115521,002,000,ION
LLVUIRZOUUPR,BNFVZFUZNFLPL,20190627115521,002,000,LL
ILFRVNRVIFV,BNFVZNNIURZVO,20190627115521,002,000,IL
ZIRZUUUVU,BNFVZNNIURVLO,20190627115521,002,000,ION
ILZNRNUZNUF,BNFVZNVILFZIL,20190627115520,002,000,IL
VNUIUVURP,BNUUZNUZNRLVF,20190627115520,002,000,ION
VNUILUFPI,BNUUDUZNVLOVNRRLNLFL,20190627115520,002,000,ION
IIFUNZZFVIO,BNFVZNUVPNPUN,20190627115519,002,000,II
ZIINLNNZP,BNUUZNZNIFLVP,20190627115519,002,000,ION
VNUIULPNR,BNUUZVUUFLINO,20190627115519,002,000,ION
LLRLOFOLLNNP,BNFVZNNIUFVIL,20190627115518,002,000,LL
VNUILUFPI,BNUUZNRVILOFR,20190627115518,002,000,ION
VNPFLOIVI,BNUUDUZNVLOVVZLIUNNU,20190627115518,002,000,ION
VVIIVNOVR,BNFVZNFUVVZUR,20190627115518,002,000,ION
ZFFLRIVLV,BURVVNNIZVRVP,20190627115517,002,000,ION
LZFNPVZFVFOO,BNFVZNNIURNIP,20190627115517,002,000,LZ
ZNVUULOPL,BURVZNZIRZFIR,20190627115517,002,000,ION
ZFOZIRVNU,BNUUZNZILLIVU,20190627115517,002,000,ION
IOIPFPVOLPRU,BNFVZFURNRLUI,20190627115516,002,000,IOI
ILFUFLIFIII,BNFVZNPPZILOL,20190627115516,002,000,IL
ZNINNFLFO,BNFVZNIUPPZLP,20190627115515,002,000,ION
ILFPVFFNRRL,BNFVZNNIURIIR,20190627115515,002,000,IL
IIFRUFUZUZL,BNFVZNNIUPRPN,20190627115515,002,000,II
LLNVVPFRLVNO,BURVVVIVLPPZZ,20190627115514,002,000,LL
VVUIUZPRU,BNUUZNLRRNOVU,20190627115514,002,000,ION
IUOLFUFUR,BNFVZNRPUIOZI,20190627115514,002,000,ION
ILZNIRRRZUU,BURVDUZNZUUZIPRNZNLI,20190627115514,002,000,IL
ZNVFNIUNF,BNFVZNZVPOVUO,20190627115513,002,000,ION
ZIINVLFRP,BNFVZNUUNOUPV,20190627115513,002,000,ION
ZNNOZPPNR,BNFVZNLZUZVZL,20190627115512,002,000,ION
LLVURUZRUZRP,BURVZNPRLLRRP,20190627115512,002,000,LL
VFVNIZUUO,BNUUDUZNVLFVILIUIIUI,20190627115512,002,000,ION
ILFUPIUOUPL,BNFVZNPVRVFPI,20190627115511,002,000,IL
IUPPUFZUZ,BURVZNRNZORIU,20190627115511,002,000,ION
ZFOZIRVNU,BNUUZNOVFIPLV,20190627115511,002,000,ION
VNNZIZZUU,BURVZNNIUPNLL,20190627115511,002,000,ION
PFNIPPVULLPLV,BURVZNNIUOIOP,20190627115510,002,000,PF
VNZLUFIUU,BNUUZNVLLIPPI,20190627115510,002,000,ION
ZIINLNNZP,BNUUZNUNOVZOR,20190627115510,002,000,ION
OOINZZPINFIRL,BNFVZNNIUFURO,20190627115510,002,000,OO
VLLVVFFLVOZZ,BURVDUZNZUUZFFPVPILF,20190627115509,002,000,VLL
VNNLOUVLU,BNUUZNPILUZNL,20190627115509,002,000,ION
ZFOZIRVNU,BNUUZNPVRPOPZ,20190627115509,002,000,ION
ZIUFVUZLV,BNFVZNIFIVVFR,20190627115508,002,000,ION
INFVLVLVUOU,BNFVZNNIURRVO,20190627115508,002,000,IN
VVUIUZPRU,BNUUZNFFNILIL,20190627115508,002,000,ION
LZVOIFPURPLNL,BNFVZNNIUZUUN,20190627115508,002,000,LZ
ZILZONFPI,BURVZVUNLRLRN,20190627115507,002,000,ION
VIZRZINVU,BNUUDUZNVLOVIZLULION,20190627115507,002,000,ION
LLRLFZVUFNZU,BNFVZFROIPFZR,20190627115507,002,000,LL
ZNUOFLPVO,BNFVZNOLOLUUR,20190627115507,002,000,ION
IIFLNPROUZI,BNFVZNLIOVIOZ,20190627115506,002,000,II
VNUNUORFU,BNUUZNPPPPRRP,20190627115506,002,000,ION
ZFOZIRVNU,BNUUZNLZNPUOV,20190627115506,002,000,ION
IIFIUVIIVLI,BNFVZNNIUFOPO,20190627115505,002,000,II
VVUIUZPRU,BNUUZNZOULNRP,20190627115505,002,000,ION
ZNOFLONNL,BNFVZNOLNUOFF,20190627115504,002,000,ION
ZNRIIIVNI,BNFVZFOPPNLVV,20190627115504,002,000,ION
ZFOZIRVNU,BNUUZNVNOVNUZ,20190627115504,002,000,ION
VPVUPILVL,BNUUDUZNVLFVNVOOPLZP,20190627115504,002,000,ION
ZNPOVIVPR,BNFVZNPLIVLRU,20190627115503,002,000,ION
ZIZVZZNLL,BNFVZNUFZPPOF,20190627115503,002,000,ION
LLRLFPLZIPZP,BNFVZNNIUZVNO,20190627115503,002,000,LL
VLZPIOPPU,BURVDUZNZUUZFVRLOLLN,20190627115502,002,000,ION
IVVLFOOOFR,BURVZNNIUZLVV,20190627115502,002,000,IV
ZIINLNNZP,BNUUZNPIOOFFF,20190627115502,002,000,ION
ZFOZIRVNU,BNUUZNOUVVROU,20190627115502,002,000,ION
IVLPPUPIILO,BURVZNNIUFRZN,20190627115501,002,000,IV
VNUILUFPI,BNUUZNZNFILFV,20190627115501,002,000,ION
ILZNULPVNOV,BNFVZNNIUFPZR,20190627115500,002,000,IL
ILFUFLUVFON,BNFVZNNPNVFLP,20190627115500,002,000,IL
ZRNOULOUVURF,BNFVZNLNLPZNU,20190627115500,002,000,ZRN
IPFLNOVOUFZ,BNFVZNFRLIRFF,20190627115459,002,000,IPF
ZIINLNNZP,BNUUZNIFIFFPP,20190627115459,002,000,ION
LZNRUULLVRFF,BNFVZFVVRZVPZ,20190627115459,002,000,LZ
LPOUNOUPZVZ,BURVZVUVRLPUU,20190627115458,002,000,LP
VRNRLRLUU,BNUUZNRZNVZLP,20190627115458,002,000,ION
NONPLNRPNUN,BURVDUZNZUUZFLZORPIU,20190627115457,002,000,NONP
VVUIUZPRN,BNUUZNFZPOFNO,20190627115457,002,000,ION
ZNVZPLRNL,BNFVZNLVLZNZL,20190627115456,002,000,ION
VOFPVZRNN,BNUUDUZNVLOVOFPVILZF,20190627115456,002,000,ION
LNRZIULOVLI,BNUUZNZZZZLNI,20190627115456,002,000,LN
VLLZVNZFNVLV,BNFVZNNIUFLUR,20190627115455,002,000,VLL
VVUIUZPRN,BNUUZNNNFOLZV,20190627115455,002,000,ION
IOVFFNPLPFPR,BNFVZNVRZFNNO,20190627115455,002,000,IOV
VNUIIORNZ,BNUUZNRFUUFNZ,20190627115455,002,000,ION
LLVUPZZRLNUR,BNFVZNNIUPVZP,20190627115454,002,000,LL
ZNLPUVNFF,BURVDUZNZUUZIILZVZVO,20190627115454,002,000,ION
VNUIVVNLI,BNUUZNUOPFPUR,20190627115454,002,000,ION
VNPLNUPUU,BNUUZNRFLZZII,20190627115454,002,000,ION
IIFRPVOLVOF,BNFVZNNIUPOFZ,20190627115453,002,000,II
VNUIFZZUV,BNUUZNFRFNFIV,20190627115453,002,000,ION
ILFLIRVINPZ,BNFVZVUNUIZRP,20190627115452,002,000,IL
ZNLPZOVNV,BNFVZNFFNPVZN,20190627115452,002,000,ION
VNNVUFZUV,BURVDUZNZUUZIRZORNFN,20190627115451,002,000,ION
IIOORFLOOZU,BNFVZNNRLOVLR,20190627115451,002,000,II
IZIILPVLLNIR,BNFVZNNIULIII,20190627115451,002,000,IZ
PUPVUURZV,BURVZNVUOZRFZ,20190627115451,002,000,ION
IIFNNZZRZLN,BNFVZNNIUFOUL,20190627115450,002,000,II
IIFNFIOLLNP,BNFVZNUNVFOUL,20190627115450,002,000,II
ZIINLNNZP,BNUUZNRLPORVN,20190627115450,002,000,ION
ILFIVULVZLO,BNFVZNNIUFURP,20190627115450,002,000,IL
VNUIIVFFO,BNUUZNULFRRZZ,20190627115450,002,000,ION
ZNURUOINN,BNFVZNNFFLPUU,20190627115449,002,000,ION
IIFZZOIFLII,BNFVZFRVOFFVU,20190627115449,002,000,II
IUPPUNZOF,BNFVZNLVIIOZV,20190627115449,002,000,ION
LZNRFVVILULVF,BNFVZNNIUZIRO,20190627115448,002,000,LZ
LLVUIONZPUOV,BNFVZNNIUORVR,20190627115448,002,000,LL
ZNLPFOVLZ,BNFVZNZNOZVOZ,20190627115448,002,000,ION
ZNZFFPPOZ,BNFVZNLNRLFZU,20190627115447,002,000,ION
VNUIFZZUV,BNUUDUZNZUUZILPROVFN,20190627115447,002,000,ION
ZNIIILPIZ,BNFVZNVNFFPNP,20190627115447,002,000,ION
ZFOZIRVNU,BNUUZNOZURPPU,20190627115447,002,000,ION
ZFOZIRVNU,BNUUZNLNNFPZL,20190627115447,002,000,ION
ILFRFPZIUPL,BNFVZFNFFIZNL,20190627115446,002,000,IL
ZNNUOZNUL,BNFVZNOVRRUPZ,20190627115446,002,000,ION
RZFOUNNURNV,BURVZNNIUZVVF,20190627115446,002,000,R
IVVONVVUPL,BURVZNNIUOUVU,20190627115445,002,000,IV
ZNPZOZFVU,BNFVZNRRRUPUF,20190627115445,002,000,ION
VNUILZFVF,BNUUZNZVNFOIU,20190627115445,002,000,ION
ZNIZOPUFI,BNFVZNLLFFIUP,20190627115444,002,000,ION
VVUIUZPRU,BNUUZNULPLZII,20190627115444,002,000,ION
VNUIUZIFF,BNUUZNULVVOOF,20190627115444,002,000,ION
ILFIIOUUNIO,BNFVZNNIUPRZN,20190627115443,002,000,IL
ZINNFFOLP,BNFVZNIVIFRPF,20190627115443,002,000,ION
LZPZZZRVRZFN,BNFVZNNIUOPPI,20190627115443,002,000,LZ
VNUIFZZUV,BNUUDUZNZUUZFINZILVV,20190627115442,002,000,ION
PPNFIVVLNPVF,BNFVZNNIURILV,20190627115442,002,000,UNKNOWN
IUPPUOFNF,BURVZNPRRILFL,20190627115442,002,000,ION
ZNZIRZFIR,BNFVZNVUULOPL,20190627115441,002,000,ION
LLNINVPOVFPL,BNFVZFURIRRNI,20190627115441,002,000,LL
ILFUNUPUVFL,BNFVZNNIUPUVV,20190627115440,002,000,IL
VNUIOVORI,BNUUDUZNVLFVNRORFRNN,20190627115440,002,000,ION
IOIPFPVLNLNR,BNFVZFURIRFNF,20190627115440,002,000,IOI
IINPLPPLUUU,BNFVZNVLLRONL,20190627115439,002,000,II
VNZPIUOZP,BNUUDUZNVLOVNLLPZLOU,20190627115439,002,000,ION
VNNLONOFI,BNUUZNNONUVLU,20190627115439,002,000,ION
IVVFLZPZZL,BURVDUZNVLOVOLPNVNVR,20190627115439,002,000,IV
ZNRORPRIO,BURVDUZNZUUZILLPUOZV,20190627115438,002,000,ION
ZIORPVNUI,BURVZNVZPFVZF,20190627115438,002,000,ION
IIRPNNILRFZ,BNFVZNNIURINO,20190627115438,002,000,II
ZNVLZONVR,BNFVZNVOZRRNZ,20190627115437,002,000,ION
VIPZNRULFU,BURVZVULZRLIR,20190627115437,002,000,VIP
LLRPRPRZZORO,BNFVZNZLVVUUR,20190627115437,002,000,LL
ILFIRLLRRRF,BURVDUZNZUUZIZFNZZII,20190627115436,002,000,IL
ZNOVRPUZU,BNFVZNZNZFLZL,20190627115436,002,000,ION
VNULUUFUI,BNUUDUZNVLFVPLINNVUU,20190627115436,002,000,ION
ILFNUFOINNN,BNFVZNNIUZPUZ,20190627115435,002,000,IL
VVUIVVFUO,BNUUZNVLPORLU,20190627115435,002,000,ION
ZIZZFFPLL,BURVZNOFVVFVV,20190627115435,002,000,ION
LLRRZVPURVNO,BNFVZFUZNZLOO,20190627115434,002,000,LL
LLRLVFLFNLNZ,BURVZNPIFFUUV,20190627115434,002,000,LL
LLNVLIPNNIOP,BNFVZNNIUFOPU,20190627115434,002,000,LL
VNVFIFLNIFUP,BNFVZVUIIULZO,20190627115434,002,000,VNV
ILFRIZPULFP,BURVZNURORVUN,20190627115433,002,000,IL
VNUIFZZUV,BNUUZNRPFOOUP,20190627115433,002,000,ION
VNNVNNRZO,BNUUZNFOOOVRR,20190627115433,002,000,ION
IINPLPPLUUU,BURVZNVLLRONL,20190627115432,002,000,II
LNRZFZFPZRF,BURVZNVFVIPOZ,20190627115432,002,000,LN
VVUIUZPRN,BNUUZNVLUNUFV,20190627115432,002,000,ION
LLROUURUFUPN,BNFVZNNIUOFOF,20190627115431,002,000,LL
LLRZVOIIRRLV,BNFVZFUZNZNPR,20190627115431,002,000,LL
VNULNZLVV,BNUUZNPNUOLIZ,20190627115431,002,000,ION
ZNPNOVRFR,BNFVZNOVVUNPP,20190627115430,002,000,ION
ZIINLNNZP,BNUUZNZUPRRZO,20190627115430,002,000,ION
ZNVRLNVZU,BNFVZNLRVVNFI,20190627115430,002,000,ION
ZFOZIRVNU,BNUUZNOFVILPZ,20190627115430,002,000,ION
ZFUNOORNL,BNFVZFUZRUUZON,20190627115429,002,000,ION
ZNPRIUNZL,BNFVZNFULPIOP,20190627115429,002,000,ION
ZNVVFVPRLVUN,BNFVZNNIULFVN,20190627115429,002,000,ZN
VNINUOOOL,BURVZNNZVIINI,20190627115429,002,000,ION
IILVFLFUINO,BNFVZNNIUZRNI,20190627115428,002,000,II
VNUIUVUVF,BNUUDUZNVFVVRNFLPUNP,20190627115428,002,000,ION
ZFNRFFILF,BNFVZNRPLONUN,20190627115427,002,000,ION
VNUIUVUVF,BNUUDUZNZUUZIIRNLOON,20190627115427,002,000,ION
ZIINLNNZP,BNUUZNZFOUNIN,20190627115427,002,000,ION
VNUPVPOUR,BNUUZNIOVVFUV,20190627115427,002,000,ION
ILFLROFNULV,BNFVZNNIURNVR,20190627115426,002,000,IL
IINPRFLIUPO,BNFVZNNIULRIV,20190627115426,002,000,II
ILFIZUUFFUF,BNFVZNUUIIVIR,20190627115425,002,000,IL
IIRRNVIRRPN,BNFVZNNIURRUU,20190627115425,002,000,II
IZIIOVUZOVV,BNFVZNFFUIIVI,20190627115425,002,000,IZ
VNLRUZLUU,BNUUZNOVOFZUU,20190627115425,002,000,ION
VRPVPOVFRRL,BNFVZNUZIUUNR,20190627115424,002,000,VR
ILFOLOOOUVF,BNFVZNNIULFNR,20190627115424,002,000,IL
VNFUNZRNR,BNUUVNUZIFIRF,20190627115424,002,000,ION
ILFNFLLUUVV,BNFVZVLLPZUOV,20190627115423,002,000,IL
ZIINLNNZP,BNUUZNRPFFOVR,20190627115423,002,000,ION
ZNZONPIPI,BNFVZNZLZZZRO,20190627115422,002,000,ION
ZVFFONURN,BNFVZNNZURZZP,20190627115422,002,000,ION
ZFOZIRVNU,BNUUZNVVNLOZP,20190627115422,002,000,ION
VNUIIULUF,BNUUZNVOLZIRZ,20190627115422,002,000,ION
ILZOONULLOL,BNFVZIUNVIPLZ,20190627115421,002,000,IL
NVUILOURPVP,BNFVZNNIURVNN,20190627115421,002,000,NVUI
LNRPRUZPNLV,BURVZNNIUFUPL,20190627115421,002,000,LN
VNUIIULUF,BNUUZNVNOPOII,20190627115421,002,000,ION
ILFZVONORFP,BNFVZNNIURPOI,20190627115420,002,000,IL
NRUVFLPOPRI,BURVDUZNZUUZIZUIOILR,20190627115420,002,000,NRUV
IUPPURULU,BNFVZNURNUPZO,20190627115420,002,000,ION
ZNUZZNLOV,BNFVZNLZLIZIO,20190627115419,002,000,ION
ZFOZIRVNU,BNUUZNROURIPI,20190627115419,002,000,ION
IIFUPVPFILR,BNFVZNLVROUOI,20190627115419,002,000,II
IIFLVIINULO,BNFVZNNIUFVFL,20190627115418,002,000,II
LLRPOVPIFVIV,BNFVZNNIUFRLO,20190627115418,002,000,LL
ILFOLFURIVV,BURVZNOVUULNZ,20190627115418,002,000,IL
LLNPPRVVNZPU,BNFVZFURNPZFR,20190627115418,002,000,LL
LLVUINLFULIN,BNFVZNVULVUOO,20190627115417,002,000,LL
LRZPFFVVLU,BNFVZNNIULIUR,20190627115417,002,000,LR
IIFRLVZLVFO,BNFVZNRZIZPNO,20190627115417,002,000,II
VOFVLZFNP,BNUUZNFUPUULU,20190627115417,002,000,ION
VNNVNNRZO,BURVDUZNZUUZILIRVLLI,20190627115416,002,000,ION
VRPRINUZOPU,BNFVZNNIUZUFO,20190627115416,002,000,VR
VNUIIZZUO,BNUUZNOLPZUZZ,20190627115416,002,000,ION
VOPPVIUVZLPR,BNFVZNIVVNOZU,20190627115415,002,000,VOP
VNNVUFZUP,BURVZNVNFUVFI,20190627115415,002,000,ION
ILZOVRPLZNO,BNFVZNNIULLNU,20190627115415,002,000,IL
ZIOUZFIUF,BNFVZNNRLRPPF,20190627115414,002,000,ION
ZIINLNNZP,BNUUZNLUURFZF,20190627115414,002,000,ION
ZFLZZIUFF,BNFVZNNIUOZLU,20190627115414,002,000,ION
LZNFUUNZVUZU,BNFVZFZLUFNLI,20190627115413,002,000,LZ
VNUILIRRO,BNUUZNFUPRIUN,20190627115413,002,000,ION
ILFOVLPVFIV,BNFVZNNIURVFV,20190627115413,002,000,IL
VNNVNNRZO,BNUUDUZNZUUZFVNUIFZF,20190627115412,002,000,ION
PFROFFPVRVRL,BURVZNZRPRPPR,20190627115412,002,000,PF
ZNIPPLNLF,BNFVZNROVOOOO,20190627115412,002,000,ION
ZFPRUNNFF,BURVDUZNZUUZILLORLVU,20190627115411,002,000,ION
ZIRFVFZUP,BNFVZNROPPOZI,20190627115411,002,000,ION
VVZIOVIVN,BNFVZNLNRLRII,20190627115410,002,000,ION
ZNFNPPVVR,BNFVZNIVVIZNU,20190627115410,002,000,ION
IINRNUVOPUU,BNFVZNNIUFIZI,20190627115410,002,000,II
ZIINLNNZP,BNUUZVNLOPPIU,20190627115410,002,000,ION
IIROPRRIRRO,BURVZNFULVPLO,20190627115409,002,000,II
ZNFRRFUZU,BNFVZNLFPUZUV,20190627115409,002,000,ION
ZIINLNNZP,BNUUZNPLZNVZF,20190627115409,002,000,ION
ZNPPLZPRF,BNFVZNZZOFUOI,20190627115409,002,000,ION
ZNUOVZVUP,BNFVZNNFFLPUU,20190627115408,002,000,ION
VNRVNLUII,BNUUZNLIILZZL,20190627115408,002,000,ION
ZIIZPNPPL,BURVZNPUORROI,20190627115408,002,000,ION
IUVLVNUVRROF,BURVZNZIZZUFR,20190627115407,002,000,IU
VNNVUFZUP,BURVZNOOUUOZN,20190627115407,002,000,ION
IUPPNUOVI,BNFVZNZFRIRNP,20190627115406,002,000,ION
ZNUFIVPVF,BNFVZFUZRUUUVR,20190627115406,002,000,ION
IIRONNRZOVR,BURVZNNIUPONR,20190627115406,002,000,II
ILFPNIPVFLL,BNFVZVRZOVNNF,20190627115405,002,000,IL
IUPPUPFRP,BURVDUZNZUUZFNUPNFLR,20190627115405,002,000,ION
ZFZORLNNN,BURVZNNIUZZVV,20190627115405,002,000,ION
IZILRRVORFLR,BNFVZNNIUPPNU,20190627115404,002,000,IZ
ZNRPNLLVL,BNFVZFVINPNPN,20190627115404,002,000,ION
ZNVILOPOP,BNFVZNZUUIFUU,20190627115404,002,000,ION
IIFUZZLUOVN,BNFVZNNIUOLPN,20190627115404,002,000,II
VLLRIVVZV,BNUUDUZNVLFVLLPVLNZZ,20190627115403,002,000,ION
VNUIUPVRN,BNUUDUZNVFVVFOFLZVIN,20190627115403,002,000,ION
VNUIIULUF,BNUUZNVNUZPVN,20190627115403,002,000,ION
ZNRPVPFFN,BNFVZNZZPZUIF,20190627115402,002,000,ION
ZFOZIRVNU,BNUUZNPZIFNUI,20190627115402,002,000,ION
ZFOZIRVNU,BNUUZNUNFOPIL,20190627115402,002,000,ION
ILFVUPVOFIN,BNFVZNNIUOOVP,20190627115401,002,000,IL
ZFVRLNVUI,BURVZNVIUFFOR,20190627115401,002,000,ION
ILFURFNVVLV,BNFVZNFRNLUFO,20190627115401,002,000,IL
ZNNZFIFUZ,BNFVZNUONFUNN,20190627115400,002,000,ION
VIPIOUIZRU,BURVDUZNZUUZFVLRNONI,20190627115400,002,000,VIP
VNVNUVUZO,BNUUDUZNVLOVNLIFOIIF,20190627115400,002,000,ION
ZNZNRIIVL,BNFVZNLRRLPNI,20190627115400,002,000,ION
ILFNFZPINLR,BURVDUZNVLOVONFOLZFV,20190627115359,002,000,IL
IOVVRIL,BNFVZNOPRUOFL,20190627115359,002,000,ION
VVUIUZPRU,BNUUZNPPIUNUN,20190627115359,002,000,ION
ZFOZIRVNU,BNUUZNFVVORLI,20190627115359,002,000,ION
VNNVUFZUR,BNUUZNPVFILUO,20190627115359,002,000,ION
LNRZFIRUNUR,BURVZNVNPPNVV,20190627115358,002,000,LN
IIFIRPRRZIO,BNFVZNIFUINOV,20190627115358,002,000,II
VVIIZPOUU,BNFVZNNIUONUI,20190627115358,002,000,ION
ZNLFOLOUO,BNFVZNVFUIONR,20190627115357,002,000,ION
ZINLZROFZ,BURVDUZNZUUZFNRLPVRZ,20190627115357,002,000,ION
IUPPULIZN,BNFVZFONLORPN,20190627115357,002,000,ION
ZNUURLLIV,BNFVZNOOINOLO,20190627115356,002,000,ION
LLRPVONZFVIN,BNFVZNNIUPOPV,20190627115356,002,000,LL
INFINRPIZPL,BNFVZNFOUPUZV,20190627115356,002,000,IN
VNRZIILZZ,BNUUZNRNUNPVP,20190627115356,002,000,ION
ZVFFONURN,BNFVZNNZURZZP,20190627115355,002,000,ION
ZILUZVUOO,BNFVZNUPZVFUF,20190627115355,002,000,ION
VVUIUZPRU,BNUUZNRVUIIIF,20190627115355,002,000,ION
VVFURONUI,BNUUZNLZFZFFR,20190627115355,002,000,ION
VNUPPRPZF,BNUUZNLIIFNNR,20190627115354,002,000,ION
LZRVLOPIZUP,BNFVZNNIUPRLV,20190627115354,002,000,LZ
ZFOOPNRPI,BURVDUZNZUUZFIFIPOPN,20190627115353,002,000,ION
ILZNNNZZZFU,BNFVZNNIUZNNF,20190627115353,002,000,IL
IVVRVRUONI,BURVZNURONRZF,20190627115353,002,000,IV
VNNLONLPV,BNFVZNPRPLRLZ,20190627115353,002,000,ION
ZILIROFIF,BURVZNVFZIPNR,20190627115352,002,000,ION
ILFLRONNVVR,BNFVZNNIUFFIN,20190627115352,002,000,IL
ZFOZIRVNU,BNUUZNUUZFOPR,20190627115352,002,000,ION
ZFOZIRVNU,BNUUZNVLPZLFI,20190627115352,002,000,ION
ZFOZIRVNU,BNUUDUZNZUUZFZNNRVPZ,20190627115352,002,000,ION
VOFPRRNPN,BNUUZNFVOPFIO,20190627115351,002,000,ION
IOILFZOFRPFO,BNFVZNNIUPIOP,20190627115351,002,000,IOI
ZNRPFLIPP,BNFVZNNOLIZLL,20190627115351,002,000,ION
ZIFPRIIUO,BNFVZFUPIOONV,20190627115350,002,000,ION
ZNRPVVFLF,BNFVZNUIFLFFL,20190627115350,002,000,ION
ILFINPRIILZ,BURVZNUNRLVZI,20190627115350,002,000,IL
IIROUOPRRZZ,BURVZNPOZFRIL,20190627115349,002,000,II
IUPPUFZUZ,BURVZNLZPRZLZ,20190627115349,002,000,ION
VNUIVRRLL,BNUUZNZUZIUUI,20190627115349,002,000,ION
IUPPUNLPV,BNFVZNLIPPFOL,20190627115348,002,000,ION
INFINRPIZPL,BNFVZNNFFLPUU,20190627115348,002,000,IN
LZRVLOPIZUP,BNFVZNNIUPRLV,20190627115348,002,000,LZ
IULOULUUR,BNUUZNIPIONPI,20190627115348,002,000,ION
ZNNVLLZRZZUU,BNFVZNNIUZRZU,20190627115347,002,000,ZN
VNUIIORUV,BNUUZNUINOZNP,20190627115347,002,000,ION
ZNLPUFOLR,BNFVZNUIFLRFZ,20190627115346,002,000,ION
LLRPPNPNLZLL,BNFVZNNIULZUF,20190627115346,002,000,LL
ZIIVPVOZU,BNFVZNUUNLLOF,20190627115346,002,000,ION
LZRVLOPIZUP,BNFVZNNIUPRLV,20190627115346,002,000,LZ
IVLRUPPLIZV,BURVZVUIPULPP,20190627115345,002,000,IV
VNUIIZZUO,BNUUZNROVNUIF,20190627115345,002,000,ION
VNNOURUNU,BNUUDUZNZUUZVRPUPPFL,20190627115345,002,000,ION
LNRZNULRVOP,BURVZNPFOVPON,20190627115344,002,000,LN
ILFLIUPUIIL,BNFVZVUVUZRUZ,20190627115344,002,000,IL
LZRVLOPIZUP,BURVZNNIUPRLV,20190627115343,002,000,LZ
IINFZUIPOLZ,BNFVZNPZFVRZL,20190627115343,002,000,II
INFINRPIZPL,BNFVZNNFFLPUU,20190627115343,002,000,IN
VNNVVURUU,BNUUZNNNVPVUL,20190627115343,002,000,ION
ILFRFUNNNOI,BNFVZNOUUNUZL,20190627115342,002,000,IL
ILZIRNIIVVV,BNFVZNULNPUOZ,20190627115342,002,000,IL
IIFPORFNOZZ,BNFVZNNIUZVFV,20190627115342,002,000,II
VNNVUFZUP,BURVZNVZNRVNU,20190627115341,002,000,ION
VNRPNROON,BNUUZNUOLRRNL,20190627115341,002,000,ION
LZRVLOPIZUP,BURVZNNIUPRLV,20190627115341,002,000,LZ
NOUPIVFFVVO,BNFVZNNIUZZII,20190627115340,002,000,NOUP
IUOLFUFUR,BURVZNZUNPPLN,20190627115340,002,000,ION
ZNRIULVLN,BNFVZNFZPUOVN,20190627115340,002,000,ION
ZFPVVNNLP,BNFVZFUZRUUPNL,20190627115339,002,000,ION
ILFIFPZUPLR,BNFVZNNIURZVR,20190627115339,002,000,IL
VVULUNVIU,BNUUDUZNZUUZFFNPRRUN,20190627115339,002,000,ION
VNNVUFZUP,BURVZNROFZPVN,20190627115338,002,000,ION
ILFLVLIRRUV,BURVZVUIPZPLR,20190627115338,002,000,IL
IIFFUUOPVLZ,BNFVZNNIUZOVP,20190627115338,002,000,II
ZVZIPPRLN,BURVDUZNZUUZVZIPPROF,20190627115338,002,000,ION
VOFVPOLPO,BNUUZNPINLIIN,20190627115337,002,000,ION
ZNVUIUZLO,BNFVZNRPLNUON,20190627115337,002,000,ION
ZIVFZLNUR,BNFVZNLPZZLRL,20190627115337,002,000,ION
VNNVUFZUP,BURVZVVULVPRI,20190627115336,002,000,ION
VNUIOVOPN,BNUUDUZNZUUZFNFPIILN,20190627115336,002,000,ION
ILFOUPVOOFF,BNFVZNNIUOUUR,20190627115336,002,000,IL
ILFFZOIRZIR,BNFVZNZRVFIZO,20190627115335,002,000,IL
VOVIUVULU,BNUUDUZNVLFVOORIONNR,20190627115335,002,000,ION
LIFFLNPOURNR,BNFVZNZZLINZO,20190627115334,002,000,LI
ZNLZUONUN,BNFVZNIRIRIIL,20190627115334,002,000,ION
VNUILLPUN,BNUUZNFNFIVUZ,20190627115334,002,000,ION
VOFROVPVV,BNUUZNLIUZNVU,20190627115334,002,000,ION
ZRNOPOUZNOIR,BNFVZNONIPVLR,20190627115333,002,000,ZRN
ZNRFNZUZU,BURVDUZNVLFVOIOOZNLU,20190627115333,002,000,ION
VVUIUZPRU,BNUUZNUILZLLI,20190627115333,002,000,ION
ZNFURNPOZ,BNFVZNZLFFNPO,20190627115332,002,000,ION
ZVOONPRNI,BNFVZIUNNVPPV,20190627115332,002,000,ION
VLLPLIRVU,BNUUZNPRZPNRF,20190627115332,002,000,ION
ZNPUVIRZU,BNFVZNNZLRIPI,20190627115332,002,000,ION
ZIRRNFPPL,BNUUDUZNVLOVVZLIRNIU,20190627115331,002,000,ION
ZNFOLRNFF,BNFVZNFVPOUPU,20190627115331,002,000,ION
IIFOUILVRLP,BNFVZNNIURIRF,20190627115331,002,000,II
ZNVLVIPIF,BNFVZFPLNVNRL,20190627115331,002,000,ION
IIROPVUUIUV,BURVZNRUZVLNL,20190627115330,002,000,II
VNUILIRVN,BNUUZNLLLZURN,20190627115330,002,000,ION
ZFOZIRVNU,BNUUZNFFOROLN,20190627115330,002,000,ION
ZFOZIRVNU,BNUUZNUNPOOII,20190627115330,002,000,ION
LLRZFRVNIUFN,BNFVZNNIURIOZ,20190627115330,002,000,LL
ZFVRLNVUI,BURVZNOVUPFII,20190627115329,002,000,ION
VNUPPFONO,BNUUZNLNNIFNN,20190627115329,002,000,ION
ZFVIRFFFV,BNFVZFUZRURZIL,20190627115328,002,000,ION
LFFUOPLLUVP,BURVZNVUZNRPV,20190627115328,002,000,LF
VVUIUZPRU,BNUUZNFRVNUNP,20190627115328,002,000,ION
ZNPVFIIUF,BNFVZNZIOVROI,20190627115327,002,000,ION
ILFRUVIUNRR,BNFVZNNIULPNP,20190627115327,002,000,IL
VNVFFFNUIVVR,BNFVZNZUFLVPN,20190627115327,002,000,VNV
ZFOZIRVNU,BNUUZNUZUFFIU,20190627115327,002,000,ION
ZNZOINPUR,BURVDUZNZUUZFLFNLFPZ,20190627115326,002,000,ION
VNRPVVOUU,BNUUDUZNVLFVNRZIUVPN,20190627115326,002,000,ION
ZFOZOORZL,BNUUZNVFOLIIF,20190627115326,002,000,ION
IOIZOLVZLZ,BNFVZNNIULRLF,20190627115325,002,000,IOI
VLLZVOOVRIFL,BNFVZNNIUZRRI,20190627115325,002,000,VLL
IIRFUOPNFRZ,BNFVZNNIUPFNI,20190627115325,002,000,II
LLRPURURZNFN,BNFVZNNIULROU,20190627115324,002,000,LL
VNUIVUOVI,BNUUZNLZNININ,20190627115324,002,000,ION
VNNVNNRZO,BNUUZNNUOZLUP,20190627115324,002,000,ION
ILFIOFFIFRN,BNFVZNNIURNOZ,20190627115323,002,000,IL
VNUNZVPRN,BNUUDUZNVFVVLNRIVUUO,20190627115323,002,000,ION
ZNZUNIULV,BNFVZFLLZIZIF,20190627115322,002,000,ION
IULOUIOPI,BNUUZVUIRZRII,20190627115322,002,000,ION
